 스테이지|일반몹 한마리당 금화 획득량|일반몹 한마리당 혼백 획득량|일반몹 한마리당 영석 획득량|보스몹 한마리당 금화 획득량|보스몹 한마리당 혼백 획득량|보스몹 한마리당 영석 획득량|플레이어 경험치 획득량
Stage|Gold_per_Normalmob|Spirit_per_Normalmob|Spiritstone_per_Normalmob|Gold_per_Bossmob|Spirit_per_Bossmob|Spiritstone_per_Bossmob|Fame_MonsterExp
int|float|float|float|float|float|float|float
1|1.00|1.00|1.00|10.00|10.00|1.00|1.00
2|1.04|1.04|2.00|10.40|10.40|2.00|2.00
3|1.10|1.10|3.00|11.00|11.00|3.00|3.00
4|1.18|1.18|4.00|11.80|11.80|4.00|4.00
5|1.28|1.28|5.00|12.80|12.80|5.00|5.00
6|1.40|1.40|6.00|14.00|14.00|6.00|6.00
7|1.54|1.54|7.00|15.40|15.40|7.00|7.00
8|1.70|1.70|8.00|17.00|17.00|8.00|8.00
9|1.88|1.88|9.00|18.80|18.80|9.00|9.00
10|2.08|2.08|10.00|20.80|20.80|10.00|10.00
11|2.30|2.30|11.00|23.00|23.00|11.00|11.00
12|2.54|2.54|12.00|25.40|25.40|12.00|12.00
13|2.80|2.80|13.00|28.00|28.00|13.00|13.00
14|3.08|3.08|14.00|30.80|30.80|14.00|14.00
15|3.38|3.38|15.00|33.80|33.80|15.00|15.00
16|3.70|3.70|16.00|37.00|37.00|16.00|16.00
17|4.04|4.04|17.00|40.40|40.40|17.00|17.00
18|4.40|4.40|18.00|44.00|44.00|18.00|18.00
19|4.78|4.78|19.00|47.80|47.80|19.00|19.00
20|5.18|5.18|20.00|51.80|51.80|20.00|20.00
21|5.60|5.60|21.00|56.00|56.00|21.00|21.00
22|6.04|6.04|22.00|60.40|60.40|22.00|22.00
23|6.50|6.50|23.00|65.00|65.00|23.00|23.00
24|6.98|6.98|24.00|69.80|69.80|24.00|24.00
25|7.48|7.48|25.00|74.80|74.80|25.00|25.00
26|8.00|8.00|26.00|80.00|80.00|26.00|26.00
27|8.54|8.54|27.00|85.40|85.40|27.00|27.00
28|9.10|9.10|28.00|91.00|91.00|28.00|28.00
29|9.68|9.68|29.00|96.80|96.80|29.00|29.00
30|10.28|10.28|30.00|102.80|102.80|30.00|30.00
31|10.90|10.90|31.00|109.00|109.00|31.00|31.00
32|11.54|11.54|32.00|115.40|115.40|32.00|32.00
33|12.20|12.20|33.00|122.00|122.00|33.00|33.00
34|12.88|12.88|34.00|128.80|128.80|34.00|34.00
35|13.58|13.58|35.00|135.80|135.80|35.00|35.00
36|14.30|14.30|36.00|143.00|143.00|36.00|36.00
37|15.04|15.04|37.00|150.40|150.40|37.00|37.00
38|15.80|15.80|38.00|158.00|158.00|38.00|38.00
39|16.58|16.58|39.00|165.80|165.80|39.00|39.00
40|17.38|17.38|40.00|173.80|173.80|40.00|40.00
41|18.20|18.20|41.00|182.00|182.00|41.00|41.00
42|19.04|19.04|42.00|190.40|190.40|42.00|42.00
43|19.90|19.90|43.00|199.00|199.00|43.00|43.00
44|20.78|20.78|44.00|207.80|207.80|44.00|44.00
45|21.68|21.68|45.00|216.80|216.80|45.00|45.00
46|22.60|22.60|46.00|226.00|226.00|46.00|46.00
47|23.54|23.54|47.00|235.40|235.40|47.00|47.00
48|24.50|24.50|48.00|245.00|245.00|48.00|48.00
49|25.48|25.48|49.00|254.80|254.80|49.00|49.00
50|26.48|26.48|50.00|264.80|264.80|50.00|50.00
51|27.50|27.50|51.00|275.00|275.00|51.00|51.00
52|28.54|28.54|52.00|285.40|285.40|52.00|52.00
53|29.60|29.60|53.00|296.00|296.00|53.00|53.00
54|30.68|30.68|54.00|306.80|306.80|54.00|54.00
55|31.78|31.78|55.00|317.80|317.80|55.00|55.00
56|32.90|32.90|56.00|329.00|329.00|56.00|56.00
57|34.04|34.04|57.00|340.40|340.40|57.00|57.00
58|35.20|35.20|58.00|352.00|352.00|58.00|58.00
59|36.38|36.38|59.00|363.80|363.80|59.00|59.00
60|37.58|37.58|60.00|375.80|375.80|60.00|60.00
61|38.80|38.80|61.00|388.00|388.00|61.00|61.00
62|40.04|40.04|62.00|400.40|400.40|62.00|62.00
63|41.30|41.30|63.00|413.00|413.00|63.00|63.00
64|42.58|42.58|64.00|425.80|425.80|64.00|64.00
65|43.88|43.88|65.00|438.80|438.80|65.00|65.00
66|45.20|45.20|66.00|452.00|452.00|66.00|66.00
67|46.54|46.54|67.00|465.40|465.40|67.00|67.00
68|47.90|47.90|68.00|479.00|479.00|68.00|68.00
69|49.28|49.28|69.00|492.80|492.80|69.00|69.00
70|50.68|50.68|70.00|506.80|506.80|70.00|70.00
71|52.10|52.10|71.00|521.00|521.00|71.00|71.00
72|53.54|53.54|72.00|535.40|535.40|72.00|72.00
73|55.00|55.00|73.00|550.00|550.00|73.00|73.00
74|56.48|56.48|74.00|564.80|564.80|74.00|74.00
75|57.98|57.98|75.00|579.80|579.80|75.00|75.00
76|59.50|59.50|76.00|595.00|595.00|76.00|76.00
77|61.04|61.04|77.00|610.40|610.40|77.00|77.00
78|62.60|62.60|78.00|626.00|626.00|78.00|78.00
79|64.18|64.18|79.00|641.80|641.80|79.00|79.00
80|65.78|65.78|80.00|657.80|657.80|80.00|80.00
81|67.40|67.40|81.00|674.00|674.00|81.00|81.00
82|69.04|69.04|82.00|690.40|690.40|82.00|82.00
83|70.70|70.70|83.00|707.00|707.00|83.00|83.00
84|72.38|72.38|84.00|723.80|723.80|84.00|84.00
85|74.08|74.08|85.00|740.80|740.80|85.00|85.00
86|75.80|75.80|86.00|758.00|758.00|86.00|86.00
87|77.54|77.54|87.00|775.40|775.40|87.00|87.00
88|79.30|79.30|88.00|793.00|793.00|88.00|88.00
89|81.08|81.08|89.00|810.80|810.80|89.00|89.00
90|82.88|82.88|90.00|828.80|828.80|90.00|90.00
91|84.70|84.70|91.00|847.00|847.00|91.00|91.00
92|86.54|86.54|92.00|865.40|865.40|92.00|92.00
93|88.40|88.40|93.00|884.00|884.00|93.00|93.00
94|90.28|90.28|94.00|902.80|902.80|94.00|94.00
95|92.18|92.18|95.00|921.80|921.80|95.00|95.00
96|94.10|94.10|96.00|941.00|941.00|96.00|96.00
97|96.04|96.04|97.00|960.40|960.40|97.00|97.00
98|98.00|98.00|98.00|980.00|980.00|98.00|98.00
99|99.98|99.98|99.00|999.80|999.80|99.00|99.00
100|101.98|101.98|100.00|1019.80|1019.80|100.00|100.00
101|104.00|104.00|101.00|1040.00|1040.00|101.00|101.00
102|106.04|106.04|102.00|1060.40|1060.40|102.00|102.00
103|108.10|108.10|103.00|1081.00|1081.00|103.00|103.00
104|110.18|110.18|104.00|1101.80|1101.80|104.00|104.00
105|112.28|112.28|105.00|1122.80|1122.80|105.00|105.00
106|114.40|114.40|106.00|1144.00|1144.00|106.00|106.00
107|116.54|116.54|107.00|1165.40|1165.40|107.00|107.00
108|118.70|118.70|108.00|1187.00|1187.00|108.00|108.00
109|120.88|120.88|109.00|1208.80|1208.80|109.00|109.00
110|123.08|123.08|110.00|1230.80|1230.80|110.00|110.00
111|125.30|125.30|111.00|1253.00|1253.00|111.00|111.00
112|127.54|127.54|112.00|1275.40|1275.40|112.00|112.00
113|129.80|129.80|113.00|1298.00|1298.00|113.00|113.00
114|132.08|132.08|114.00|1320.80|1320.80|114.00|114.00
115|134.38|134.38|115.00|1343.80|1343.80|115.00|115.00
116|136.70|136.70|116.00|1367.00|1367.00|116.00|116.00
117|139.04|139.04|117.00|1390.40|1390.40|117.00|117.00
118|141.40|141.40|118.00|1414.00|1414.00|118.00|118.00
119|143.78|143.78|119.00|1437.80|1437.80|119.00|119.00
120|146.18|146.18|120.00|1461.80|1461.80|120.00|120.00
121|148.60|148.60|121.00|1486.00|1486.00|121.00|121.00
122|151.04|151.04|122.00|1510.40|1510.40|122.00|122.00
123|153.50|153.50|123.00|1535.00|1535.00|123.00|123.00
124|155.98|155.98|124.00|1559.80|1559.80|124.00|124.00
125|158.48|158.48|125.00|1584.80|1584.80|125.00|125.00
126|161.00|161.00|126.00|1610.00|1610.00|126.00|126.00
127|163.54|163.54|127.00|1635.40|1635.40|127.00|127.00
128|166.10|166.10|128.00|1661.00|1661.00|128.00|128.00
129|168.68|168.68|129.00|1686.80|1686.80|129.00|129.00
130|171.28|171.28|130.00|1712.80|1712.80|130.00|130.00
131|173.90|173.90|131.00|1739.00|1739.00|131.00|131.00
132|176.54|176.54|132.00|1765.40|1765.40|132.00|132.00
133|179.20|179.20|133.00|1792.00|1792.00|133.00|133.00
134|181.88|181.88|134.00|1818.80|1818.80|134.00|134.00
135|184.58|184.58|135.00|1845.80|1845.80|135.00|135.00
136|187.30|187.30|136.00|1873.00|1873.00|136.00|136.00
137|190.04|190.04|137.00|1900.40|1900.40|137.00|137.00
138|192.80|192.80|138.00|1928.00|1928.00|138.00|138.00
139|195.58|195.58|139.00|1955.80|1955.80|139.00|139.00
140|198.38|198.38|140.00|1983.80|1983.80|140.00|140.00
141|201.20|201.20|141.00|2012.00|2012.00|141.00|141.00
142|204.04|204.04|142.00|2040.40|2040.40|142.00|142.00
143|206.90|206.90|143.00|2069.00|2069.00|143.00|143.00
144|209.78|209.78|144.00|2097.80|2097.80|144.00|144.00
145|212.68|212.68|145.00|2126.80|2126.80|145.00|145.00
146|215.60|215.60|146.00|2156.00|2156.00|146.00|146.00
147|218.54|218.54|147.00|2185.40|2185.40|147.00|147.00
148|221.50|221.50|148.00|2215.00|2215.00|148.00|148.00
149|224.48|224.48|149.00|2244.80|2244.80|149.00|149.00
150|227.48|227.48|150.00|2274.80|2274.80|150.00|150.00
151|230.50|230.50|151.00|2305.00|2305.00|151.00|151.00
152|233.54|233.54|152.00|2335.40|2335.40|152.00|152.00
153|236.60|236.60|153.00|2366.00|2366.00|153.00|153.00
154|239.68|239.68|154.00|2396.80|2396.80|154.00|154.00
155|242.78|242.78|155.00|2427.80|2427.80|155.00|155.00
156|245.90|245.90|156.00|2459.00|2459.00|156.00|156.00
157|249.04|249.04|157.00|2490.40|2490.40|157.00|157.00
158|252.20|252.20|158.00|2522.00|2522.00|158.00|158.00
159|255.38|255.38|159.00|2553.80|2553.80|159.00|159.00
160|258.58|258.58|160.00|2585.80|2585.80|160.00|160.00
161|261.80|261.80|161.00|2618.00|2618.00|161.00|161.00
162|265.04|265.04|162.00|2650.40|2650.40|162.00|162.00
163|268.30|268.30|163.00|2683.00|2683.00|163.00|163.00
164|271.58|271.58|164.00|2715.80|2715.80|164.00|164.00
165|274.88|274.88|165.00|2748.80|2748.80|165.00|165.00
166|278.20|278.20|166.00|2782.00|2782.00|166.00|166.00
167|281.54|281.54|167.00|2815.40|2815.40|167.00|167.00
168|284.90|284.90|168.00|2849.00|2849.00|168.00|168.00
169|288.28|288.28|169.00|2882.80|2882.80|169.00|169.00
170|291.68|291.68|170.00|2916.80|2916.80|170.00|170.00
171|295.10|295.10|171.00|2951.00|2951.00|171.00|171.00
172|298.54|298.54|172.00|2985.40|2985.40|172.00|172.00
173|302.00|302.00|173.00|3020.00|3020.00|173.00|173.00
174|305.48|305.48|174.00|3054.80|3054.80|174.00|174.00
175|308.98|308.98|175.00|3089.80|3089.80|175.00|175.00
176|312.50|312.50|176.00|3125.00|3125.00|176.00|176.00
177|316.04|316.04|177.00|3160.40|3160.40|177.00|177.00
178|319.60|319.60|178.00|3196.00|3196.00|178.00|178.00
179|323.18|323.18|179.00|3231.80|3231.80|179.00|179.00
180|326.78|326.78|180.00|3267.80|3267.80|180.00|180.00
181|330.40|330.40|181.00|3304.00|3304.00|181.00|181.00
182|334.04|334.04|182.00|3340.40|3340.40|182.00|182.00
183|337.70|337.70|183.00|3377.00|3377.00|183.00|183.00
184|341.38|341.38|184.00|3413.80|3413.80|184.00|184.00
185|345.08|345.08|185.00|3450.80|3450.80|185.00|185.00
186|348.80|348.80|186.00|3488.00|3488.00|186.00|186.00
187|352.54|352.54|187.00|3525.40|3525.40|187.00|187.00
188|356.30|356.30|188.00|3563.00|3563.00|188.00|188.00
189|360.08|360.08|189.00|3600.80|3600.80|189.00|189.00
190|363.88|363.88|190.00|3638.80|3638.80|190.00|190.00
191|367.70|367.70|191.00|3677.00|3677.00|191.00|191.00
192|371.54|371.54|192.00|3715.40|3715.40|192.00|192.00
193|375.40|375.40|193.00|3754.00|3754.00|193.00|193.00
194|379.28|379.28|194.00|3792.80|3792.80|194.00|194.00
195|383.18|383.18|195.00|3831.80|3831.80|195.00|195.00
196|387.10|387.10|196.00|3871.00|3871.00|196.00|196.00
197|391.04|391.04|197.00|3910.40|3910.40|197.00|197.00
198|395.00|395.00|198.00|3950.00|3950.00|198.00|198.00
199|398.98|398.98|199.00|3989.80|3989.80|199.00|199.00
200|402.98|402.98|200.00|4029.80|4029.80|200.00|200.00
201|407.00|407.00|201.00|4070.00|4070.00|201.00|201.00
202|411.04|411.04|202.00|4110.40|4110.40|202.00|202.00
203|415.10|415.10|203.00|4151.00|4151.00|203.00|203.00
204|419.18|419.18|204.00|4191.80|4191.80|204.00|204.00
205|423.28|423.28|205.00|4232.80|4232.80|205.00|205.00
206|427.40|427.40|206.00|4274.00|4274.00|206.00|206.00
207|431.54|431.54|207.00|4315.40|4315.40|207.00|207.00
208|435.70|435.70|208.00|4357.00|4357.00|208.00|208.00
209|439.88|439.88|209.00|4398.80|4398.80|209.00|209.00
210|444.08|444.08|210.00|4440.80|4440.80|210.00|210.00
211|448.30|448.30|211.00|4483.00|4483.00|211.00|211.00
212|452.54|452.54|212.00|4525.40|4525.40|212.00|212.00
213|456.80|456.80|213.00|4568.00|4568.00|213.00|213.00
214|461.08|461.08|214.00|4610.80|4610.80|214.00|214.00
215|465.38|465.38|215.00|4653.80|4653.80|215.00|215.00
216|469.70|469.70|216.00|4697.00|4697.00|216.00|216.00
217|474.04|474.04|217.00|4740.40|4740.40|217.00|217.00
218|478.40|478.40|218.00|4784.00|4784.00|218.00|218.00
219|482.78|482.78|219.00|4827.80|4827.80|219.00|219.00
220|487.18|487.18|220.00|4871.80|4871.80|220.00|220.00
221|491.60|491.60|221.00|4916.00|4916.00|221.00|221.00
222|496.04|496.04|222.00|4960.40|4960.40|222.00|222.00
223|500.50|500.50|223.00|5005.00|5005.00|223.00|223.00
224|504.98|504.98|224.00|5049.80|5049.80|224.00|224.00
225|509.48|509.48|225.00|5094.80|5094.80|225.00|225.00
226|514.00|514.00|226.00|5140.00|5140.00|226.00|226.00
227|518.54|518.54|227.00|5185.40|5185.40|227.00|227.00
228|523.10|523.10|228.00|5231.00|5231.00|228.00|228.00
229|527.68|527.68|229.00|5276.80|5276.80|229.00|229.00
230|532.28|532.28|230.00|5322.80|5322.80|230.00|230.00
231|536.90|536.90|231.00|5369.00|5369.00|231.00|231.00
232|541.54|541.54|232.00|5415.40|5415.40|232.00|232.00
233|546.20|546.20|233.00|5462.00|5462.00|233.00|233.00
234|550.88|550.88|234.00|5508.80|5508.80|234.00|234.00
235|555.58|555.58|235.00|5555.80|5555.80|235.00|235.00
236|560.30|560.30|236.00|5603.00|5603.00|236.00|236.00
237|565.04|565.04|237.00|5650.40|5650.40|237.00|237.00
238|569.80|569.80|238.00|5698.00|5698.00|238.00|238.00
239|574.58|574.58|239.00|5745.80|5745.80|239.00|239.00
240|579.38|579.38|240.00|5793.80|5793.80|240.00|240.00
241|584.20|584.20|241.00|5842.00|5842.00|241.00|241.00
242|589.04|589.04|242.00|5890.40|5890.40|242.00|242.00
243|593.90|593.90|243.00|5939.00|5939.00|243.00|243.00
244|598.78|598.78|244.00|5987.80|5987.80|244.00|244.00
245|603.68|603.68|245.00|6036.80|6036.80|245.00|245.00
246|608.60|608.60|246.00|6086.00|6086.00|246.00|246.00
247|613.54|613.54|247.00|6135.40|6135.40|247.00|247.00
248|618.50|618.50|248.00|6185.00|6185.00|248.00|248.00
249|623.48|623.48|249.00|6234.80|6234.80|249.00|249.00
250|628.48|628.48|250.00|6284.80|6284.80|250.00|250.00
251|633.50|633.50|251.00|6335.00|6335.00|251.00|251.00
252|638.54|638.54|252.00|6385.40|6385.40|252.00|252.00
253|643.60|643.60|253.00|6436.00|6436.00|253.00|253.00
254|648.68|648.68|254.00|6486.80|6486.80|254.00|254.00
255|653.78|653.78|255.00|6537.80|6537.80|255.00|255.00
256|658.90|658.90|256.00|6589.00|6589.00|256.00|256.00
257|664.04|664.04|257.00|6640.40|6640.40|257.00|257.00
258|669.20|669.20|258.00|6692.00|6692.00|258.00|258.00
259|674.38|674.38|259.00|6743.80|6743.80|259.00|259.00
260|679.58|679.58|260.00|6795.80|6795.80|260.00|260.00
261|684.80|684.80|261.00|6848.00|6848.00|261.00|261.00
262|690.04|690.04|262.00|6900.40|6900.40|262.00|262.00
263|695.30|695.30|263.00|6953.00|6953.00|263.00|263.00
264|700.58|700.58|264.00|7005.80|7005.80|264.00|264.00
265|705.88|705.88|265.00|7058.80|7058.80|265.00|265.00
266|711.20|711.20|266.00|7112.00|7112.00|266.00|266.00
267|716.54|716.54|267.00|7165.40|7165.40|267.00|267.00
268|721.90|721.90|268.00|7219.00|7219.00|268.00|268.00
269|727.28|727.28|269.00|7272.80|7272.80|269.00|269.00
270|732.68|732.68|270.00|7326.80|7326.80|270.00|270.00
271|738.10|738.10|271.00|7381.00|7381.00|271.00|271.00
272|743.54|743.54|272.00|7435.40|7435.40|272.00|272.00
273|749.00|749.00|273.00|7490.00|7490.00|273.00|273.00
274|754.48|754.48|274.00|7544.80|7544.80|274.00|274.00
275|759.98|759.98|275.00|7599.80|7599.80|275.00|275.00
276|765.50|765.50|276.00|7655.00|7655.00|276.00|276.00
277|771.04|771.04|277.00|7710.40|7710.40|277.00|277.00
278|776.60|776.60|278.00|7766.00|7766.00|278.00|278.00
279|782.18|782.18|279.00|7821.80|7821.80|279.00|279.00
280|787.78|787.78|280.00|7877.80|7877.80|280.00|280.00
281|793.40|793.40|281.00|7934.00|7934.00|281.00|281.00
282|799.04|799.04|282.00|7990.40|7990.40|282.00|282.00
283|804.70|804.70|283.00|8047.00|8047.00|283.00|283.00
284|810.38|810.38|284.00|8103.80|8103.80|284.00|284.00
285|816.08|816.08|285.00|8160.80|8160.80|285.00|285.00
286|821.80|821.80|286.00|8218.00|8218.00|286.00|286.00
287|827.54|827.54|287.00|8275.40|8275.40|287.00|287.00
288|833.30|833.30|288.00|8333.00|8333.00|288.00|288.00
289|839.08|839.08|289.00|8390.80|8390.80|289.00|289.00
290|844.88|844.88|290.00|8448.80|8448.80|290.00|290.00
291|850.70|850.70|291.00|8507.00|8507.00|291.00|291.00
292|856.54|856.54|292.00|8565.40|8565.40|292.00|292.00
293|862.40|862.40|293.00|8624.00|8624.00|293.00|293.00
294|868.28|868.28|294.00|8682.80|8682.80|294.00|294.00
295|874.18|874.18|295.00|8741.80|8741.80|295.00|295.00
296|880.10|880.10|296.00|8801.00|8801.00|296.00|296.00
297|886.04|886.04|297.00|8860.40|8860.40|297.00|297.00
298|892.00|892.00|298.00|8920.00|8920.00|298.00|298.00
299|897.98|897.98|299.00|8979.80|8979.80|299.00|299.00
300|903.98|903.98|300.00|9039.80|9039.80|300.00|300.00
301|910.00|910.00|301.00|9100.00|9100.00|301.00|301.00
302|916.04|916.04|302.00|9160.40|9160.40|302.00|302.00
303|922.10|922.10|303.00|9221.00|9221.00|303.00|303.00
304|928.18|928.18|304.00|9281.80|9281.80|304.00|304.00
305|934.28|934.28|305.00|9342.80|9342.80|305.00|305.00
306|940.40|940.40|306.00|9404.00|9404.00|306.00|306.00
307|946.54|946.54|307.00|9465.40|9465.40|307.00|307.00
308|952.70|952.70|308.00|9527.00|9527.00|308.00|308.00
309|958.88|958.88|309.00|9588.80|9588.80|309.00|309.00
310|965.08|965.08|310.00|9650.80|9650.80|310.00|310.00
311|971.30|971.30|311.00|9713.00|9713.00|311.00|311.00
312|977.54|977.54|312.00|9775.40|9775.40|312.00|312.00
313|983.80|983.80|313.00|9838.00|9838.00|313.00|313.00
314|990.08|990.08|314.00|9900.80|9900.80|314.00|314.00
315|996.38|996.38|315.00|9963.80|9963.80|315.00|315.00
316|1002.70|1002.70|316.00|10027.00|10027.00|316.00|316.00
317|1009.04|1009.04|317.00|10090.40|10090.40|317.00|317.00
318|1015.40|1015.40|318.00|10154.00|10154.00|318.00|318.00
319|1021.78|1021.78|319.00|10217.80|10217.80|319.00|319.00
320|1028.18|1028.18|320.00|10281.80|10281.80|320.00|320.00
321|1034.60|1034.60|321.00|10346.00|10346.00|321.00|321.00
322|1041.04|1041.04|322.00|10410.40|10410.40|322.00|322.00
323|1047.50|1047.50|323.00|10475.00|10475.00|323.00|323.00
324|1053.98|1053.98|324.00|10539.80|10539.80|324.00|324.00
325|1060.48|1060.48|325.00|10604.80|10604.80|325.00|325.00
326|1067.00|1067.00|326.00|10670.00|10670.00|326.00|326.00
327|1073.54|1073.54|327.00|10735.40|10735.40|327.00|327.00
328|1080.10|1080.10|328.00|10801.00|10801.00|328.00|328.00
329|1086.68|1086.68|329.00|10866.80|10866.80|329.00|329.00
330|1093.28|1093.28|330.00|10932.80|10932.80|330.00|330.00
331|1099.90|1099.90|331.00|10999.00|10999.00|331.00|331.00
332|1106.54|1106.54|332.00|11065.40|11065.40|332.00|332.00
333|1113.20|1113.20|333.00|11132.00|11132.00|333.00|333.00
334|1119.88|1119.88|334.00|11198.80|11198.80|334.00|334.00
335|1126.58|1126.58|335.00|11265.80|11265.80|335.00|335.00
336|1133.30|1133.30|336.00|11333.00|11333.00|336.00|336.00
337|1140.04|1140.04|337.00|11400.40|11400.40|337.00|337.00
338|1146.80|1146.80|338.00|11468.00|11468.00|338.00|338.00
339|1153.58|1153.58|339.00|11535.80|11535.80|339.00|339.00
340|1160.38|1160.38|340.00|11603.80|11603.80|340.00|340.00
341|1167.20|1167.20|341.00|11672.00|11672.00|341.00|341.00
342|1174.04|1174.04|342.00|11740.40|11740.40|342.00|342.00
343|1180.90|1180.90|343.00|11809.00|11809.00|343.00|343.00
344|1187.78|1187.78|344.00|11877.80|11877.80|344.00|344.00
345|1194.68|1194.68|345.00|11946.80|11946.80|345.00|345.00
346|1201.60|1201.60|346.00|12016.00|12016.00|346.00|346.00
347|1208.54|1208.54|347.00|12085.40|12085.40|347.00|347.00
348|1215.50|1215.50|348.00|12155.00|12155.00|348.00|348.00
349|1222.48|1222.48|349.00|12224.80|12224.80|349.00|349.00
350|1229.48|1229.48|350.00|12294.80|12294.80|350.00|350.00
351|1236.50|1236.50|351.00|12365.00|12365.00|351.00|351.00
352|1243.54|1243.54|352.00|12435.40|12435.40|352.00|352.00
353|1250.60|1250.60|353.00|12506.00|12506.00|353.00|353.00
354|1257.68|1257.68|354.00|12576.80|12576.80|354.00|354.00
355|1264.78|1264.78|355.00|12647.80|12647.80|355.00|355.00
356|1271.90|1271.90|356.00|12719.00|12719.00|356.00|356.00
357|1279.04|1279.04|357.00|12790.40|12790.40|357.00|357.00
358|1286.20|1286.20|358.00|12862.00|12862.00|358.00|358.00
359|1293.38|1293.38|359.00|12933.80|12933.80|359.00|359.00
360|1300.58|1300.58|360.00|13005.80|13005.80|360.00|360.00
361|1307.80|1307.80|361.00|13078.00|13078.00|361.00|361.00
362|1315.04|1315.04|362.00|13150.40|13150.40|362.00|362.00
363|1322.30|1322.30|363.00|13223.00|13223.00|363.00|363.00
364|1329.58|1329.58|364.00|13295.80|13295.80|364.00|364.00
365|1336.88|1336.88|365.00|13368.80|13368.80|365.00|365.00
366|1344.20|1344.20|366.00|13442.00|13442.00|366.00|366.00
367|1351.54|1351.54|367.00|13515.40|13515.40|367.00|367.00
368|1358.90|1358.90|368.00|13589.00|13589.00|368.00|368.00
369|1366.28|1366.28|369.00|13662.80|13662.80|369.00|369.00
370|1373.68|1373.68|370.00|13736.80|13736.80|370.00|370.00
371|1381.10|1381.10|371.00|13811.00|13811.00|371.00|371.00
372|1388.54|1388.54|372.00|13885.40|13885.40|372.00|372.00
373|1396.00|1396.00|373.00|13960.00|13960.00|373.00|373.00
374|1403.48|1403.48|374.00|14034.80|14034.80|374.00|374.00
375|1410.98|1410.98|375.00|14109.80|14109.80|375.00|375.00
376|1418.50|1418.50|376.00|14185.00|14185.00|376.00|376.00
377|1426.04|1426.04|377.00|14260.40|14260.40|377.00|377.00
378|1433.60|1433.60|378.00|14336.00|14336.00|378.00|378.00
379|1441.18|1441.18|379.00|14411.80|14411.80|379.00|379.00
380|1448.78|1448.78|380.00|14487.80|14487.80|380.00|380.00
381|1456.40|1456.40|381.00|14564.00|14564.00|381.00|381.00
382|1464.04|1464.04|382.00|14640.40|14640.40|382.00|382.00
383|1471.70|1471.70|383.00|14717.00|14717.00|383.00|383.00
384|1479.38|1479.38|384.00|14793.80|14793.80|384.00|384.00
385|1487.08|1487.08|385.00|14870.80|14870.80|385.00|385.00
386|1494.80|1494.80|386.00|14948.00|14948.00|386.00|386.00
387|1502.54|1502.54|387.00|15025.40|15025.40|387.00|387.00
388|1510.30|1510.30|388.00|15103.00|15103.00|388.00|388.00
389|1518.08|1518.08|389.00|15180.80|15180.80|389.00|389.00
390|1525.88|1525.88|390.00|15258.80|15258.80|390.00|390.00
391|1533.70|1533.70|391.00|15337.00|15337.00|391.00|391.00
392|1541.54|1541.54|392.00|15415.40|15415.40|392.00|392.00
393|1549.40|1549.40|393.00|15494.00|15494.00|393.00|393.00
394|1557.28|1557.28|394.00|15572.80|15572.80|394.00|394.00
395|1565.18|1565.18|395.00|15651.80|15651.80|395.00|395.00
396|1573.10|1573.10|396.00|15731.00|15731.00|396.00|396.00
397|1581.04|1581.04|397.00|15810.40|15810.40|397.00|397.00
398|1589.00|1589.00|398.00|15890.00|15890.00|398.00|398.00
399|1596.98|1596.98|399.00|15969.80|15969.80|399.00|399.00
400|1604.98|1604.98|400.00|16049.80|16049.80|400.00|400.00
401|1613.00|1613.00|401.00|16130.00|16130.00|401.00|401.00
402|1621.04|1621.04|402.00|16210.40|16210.40|402.00|402.00
403|1629.10|1629.10|403.00|16291.00|16291.00|403.00|403.00
404|1637.18|1637.18|404.00|16371.80|16371.80|404.00|404.00
405|1645.28|1645.28|405.00|16452.80|16452.80|405.00|405.00
406|1653.40|1653.40|406.00|16534.00|16534.00|406.00|406.00
407|1661.54|1661.54|407.00|16615.40|16615.40|407.00|407.00
408|1669.70|1669.70|408.00|16697.00|16697.00|408.00|408.00
409|1677.88|1677.88|409.00|16778.80|16778.80|409.00|409.00
410|1686.08|1686.08|410.00|16860.80|16860.80|410.00|410.00
411|1694.30|1694.30|411.00|16943.00|16943.00|411.00|411.00
412|1702.54|1702.54|412.00|17025.40|17025.40|412.00|412.00
413|1710.80|1710.80|413.00|17108.00|17108.00|413.00|413.00
414|1719.08|1719.08|414.00|17190.80|17190.80|414.00|414.00
415|1727.38|1727.38|415.00|17273.80|17273.80|415.00|415.00
416|1735.70|1735.70|416.00|17357.00|17357.00|416.00|416.00
417|1744.04|1744.04|417.00|17440.40|17440.40|417.00|417.00
418|1752.40|1752.40|418.00|17524.00|17524.00|418.00|418.00
419|1760.78|1760.78|419.00|17607.80|17607.80|419.00|419.00
420|1769.18|1769.18|420.00|17691.80|17691.80|420.00|420.00
421|1777.60|1777.60|421.00|17776.00|17776.00|421.00|421.00
422|1786.04|1786.04|422.00|17860.40|17860.40|422.00|422.00
423|1794.50|1794.50|423.00|17945.00|17945.00|423.00|423.00
424|1802.98|1802.98|424.00|18029.80|18029.80|424.00|424.00
425|1811.48|1811.48|425.00|18114.80|18114.80|425.00|425.00
426|1820.00|1820.00|426.00|18200.00|18200.00|426.00|426.00
427|1828.54|1828.54|427.00|18285.40|18285.40|427.00|427.00
428|1837.10|1837.10|428.00|18371.00|18371.00|428.00|428.00
429|1845.68|1845.68|429.00|18456.80|18456.80|429.00|429.00
430|1854.28|1854.28|430.00|18542.80|18542.80|430.00|430.00
431|1862.90|1862.90|431.00|18629.00|18629.00|431.00|431.00
432|1871.54|1871.54|432.00|18715.40|18715.40|432.00|432.00
433|1880.20|1880.20|433.00|18802.00|18802.00|433.00|433.00
434|1888.88|1888.88|434.00|18888.80|18888.80|434.00|434.00
435|1897.58|1897.58|435.00|18975.80|18975.80|435.00|435.00
436|1906.30|1906.30|436.00|19063.00|19063.00|436.00|436.00
437|1915.04|1915.04|437.00|19150.40|19150.40|437.00|437.00
438|1923.80|1923.80|438.00|19238.00|19238.00|438.00|438.00
439|1932.58|1932.58|439.00|19325.80|19325.80|439.00|439.00
440|1941.38|1941.38|440.00|19413.80|19413.80|440.00|440.00
441|1950.20|1950.20|441.00|19502.00|19502.00|441.00|441.00
442|1959.04|1959.04|442.00|19590.40|19590.40|442.00|442.00
443|1967.90|1967.90|443.00|19679.00|19679.00|443.00|443.00
444|1976.78|1976.78|444.00|19767.80|19767.80|444.00|444.00
445|1985.68|1985.68|445.00|19856.80|19856.80|445.00|445.00
446|1994.60|1994.60|446.00|19946.00|19946.00|446.00|446.00
447|2003.54|2003.54|447.00|20035.40|20035.40|447.00|447.00
448|2012.50|2012.50|448.00|20125.00|20125.00|448.00|448.00
449|2021.48|2021.48|449.00|20214.80|20214.80|449.00|449.00
450|2030.48|2030.48|450.00|20304.80|20304.80|450.00|450.00
451|2039.50|2039.50|451.00|20395.00|20395.00|451.00|451.00
452|2048.54|2048.54|452.00|20485.40|20485.40|452.00|452.00
453|2057.60|2057.60|453.00|20576.00|20576.00|453.00|453.00
454|2066.68|2066.68|454.00|20666.80|20666.80|454.00|454.00
455|2075.78|2075.78|455.00|20757.80|20757.80|455.00|455.00
456|2084.90|2084.90|456.00|20849.00|20849.00|456.00|456.00
457|2094.04|2094.04|457.00|20940.40|20940.40|457.00|457.00
458|2103.20|2103.20|458.00|21032.00|21032.00|458.00|458.00
459|2112.38|2112.38|459.00|21123.80|21123.80|459.00|459.00
460|2121.58|2121.58|460.00|21215.80|21215.80|460.00|460.00
461|2130.80|2130.80|461.00|21308.00|21308.00|461.00|461.00
462|2140.04|2140.04|462.00|21400.40|21400.40|462.00|462.00
463|2149.30|2149.30|463.00|21493.00|21493.00|463.00|463.00
464|2158.58|2158.58|464.00|21585.80|21585.80|464.00|464.00
465|2167.88|2167.88|465.00|21678.80|21678.80|465.00|465.00
466|2177.20|2177.20|466.00|21772.00|21772.00|466.00|466.00
467|2186.54|2186.54|467.00|21865.40|21865.40|467.00|467.00
468|2195.90|2195.90|468.00|21959.00|21959.00|468.00|468.00
469|2205.28|2205.28|469.00|22052.80|22052.80|469.00|469.00
470|2214.68|2214.68|470.00|22146.80|22146.80|470.00|470.00
471|2224.10|2224.10|471.00|22241.00|22241.00|471.00|471.00
472|2233.54|2233.54|472.00|22335.40|22335.40|472.00|472.00
473|2243.00|2243.00|473.00|22430.00|22430.00|473.00|473.00
474|2252.48|2252.48|474.00|22524.80|22524.80|474.00|474.00
475|2261.98|2261.98|475.00|22619.80|22619.80|475.00|475.00
476|2271.50|2271.50|476.00|22715.00|22715.00|476.00|476.00
477|2281.04|2281.04|477.00|22810.40|22810.40|477.00|477.00
478|2290.60|2290.60|478.00|22906.00|22906.00|478.00|478.00
479|2300.18|2300.18|479.00|23001.80|23001.80|479.00|479.00
480|2309.78|2309.78|480.00|23097.80|23097.80|480.00|480.00
481|2319.40|2319.40|481.00|23194.00|23194.00|481.00|481.00
482|2329.04|2329.04|482.00|23290.40|23290.40|482.00|482.00
483|2338.70|2338.70|483.00|23387.00|23387.00|483.00|483.00
484|2348.38|2348.38|484.00|23483.80|23483.80|484.00|484.00
485|2358.08|2358.08|485.00|23580.80|23580.80|485.00|485.00
486|2367.80|2367.80|486.00|23678.00|23678.00|486.00|486.00
487|2377.54|2377.54|487.00|23775.40|23775.40|487.00|487.00
488|2387.30|2387.30|488.00|23873.00|23873.00|488.00|488.00
489|2397.08|2397.08|489.00|23970.80|23970.80|489.00|489.00
490|2406.88|2406.88|490.00|24068.80|24068.80|490.00|490.00
491|2416.70|2416.70|491.00|24167.00|24167.00|491.00|491.00
492|2426.54|2426.54|492.00|24265.40|24265.40|492.00|492.00
493|2436.40|2436.40|493.00|24364.00|24364.00|493.00|493.00
494|2446.28|2446.28|494.00|24462.80|24462.80|494.00|494.00
495|2456.18|2456.18|495.00|24561.80|24561.80|495.00|495.00
496|2466.10|2466.10|496.00|24661.00|24661.00|496.00|496.00
497|2476.04|2476.04|497.00|24760.40|24760.40|497.00|497.00
498|2486.00|2486.00|498.00|24860.00|24860.00|498.00|498.00
499|2495.98|2495.98|499.00|24959.80|24959.80|499.00|499.00
500|2505.98|2505.98|500.00|25059.80|25059.80|500.00|500.00
501|2516.00|2516.00|501.00|25160.00|25160.00|501.00|501.00
502|2526.04|2526.04|502.00|25260.40|25260.40|502.00|502.00
503|2536.10|2536.10|503.00|25361.00|25361.00|503.00|503.00
504|2546.18|2546.18|504.00|25461.80|25461.80|504.00|504.00
505|2556.28|2556.28|505.00|25562.80|25562.80|505.00|505.00
506|2566.40|2566.40|506.00|25664.00|25664.00|506.00|506.00
507|2576.54|2576.54|507.00|25765.40|25765.40|507.00|507.00
508|2586.70|2586.70|508.00|25867.00|25867.00|508.00|508.00
509|2596.88|2596.88|509.00|25968.80|25968.80|509.00|509.00
510|2607.08|2607.08|510.00|26070.80|26070.80|510.00|510.00
511|2617.30|2617.30|511.00|26173.00|26173.00|511.00|511.00
512|2627.54|2627.54|512.00|26275.40|26275.40|512.00|512.00
513|2637.80|2637.80|513.00|26378.00|26378.00|513.00|513.00
514|2648.08|2648.08|514.00|26480.80|26480.80|514.00|514.00
515|2658.38|2658.38|515.00|26583.80|26583.80|515.00|515.00
516|2668.70|2668.70|516.00|26687.00|26687.00|516.00|516.00
517|2679.04|2679.04|517.00|26790.40|26790.40|517.00|517.00
518|2689.40|2689.40|518.00|26894.00|26894.00|518.00|518.00
519|2699.78|2699.78|519.00|26997.80|26997.80|519.00|519.00
520|2710.18|2710.18|520.00|27101.80|27101.80|520.00|520.00
521|2720.60|2720.60|521.00|27206.00|27206.00|521.00|521.00
522|2731.04|2731.04|522.00|27310.40|27310.40|522.00|522.00
523|2741.50|2741.50|523.00|27415.00|27415.00|523.00|523.00
524|2751.98|2751.98|524.00|27519.80|27519.80|524.00|524.00
525|2762.48|2762.48|525.00|27624.80|27624.80|525.00|525.00
526|2773.00|2773.00|526.00|27730.00|27730.00|526.00|526.00
527|2783.54|2783.54|527.00|27835.40|27835.40|527.00|527.00
528|2794.10|2794.10|528.00|27941.00|27941.00|528.00|528.00
529|2804.68|2804.68|529.00|28046.80|28046.80|529.00|529.00
530|2815.28|2815.28|530.00|28152.80|28152.80|530.00|530.00
531|2825.90|2825.90|531.00|28259.00|28259.00|531.00|531.00
532|2836.54|2836.54|532.00|28365.40|28365.40|532.00|532.00
533|2847.20|2847.20|533.00|28472.00|28472.00|533.00|533.00
534|2857.88|2857.88|534.00|28578.80|28578.80|534.00|534.00
535|2868.58|2868.58|535.00|28685.80|28685.80|535.00|535.00
536|2879.30|2879.30|536.00|28793.00|28793.00|536.00|536.00
537|2890.04|2890.04|537.00|28900.40|28900.40|537.00|537.00
538|2900.80|2900.80|538.00|29008.00|29008.00|538.00|538.00
539|2911.58|2911.58|539.00|29115.80|29115.80|539.00|539.00
540|2922.38|2922.38|540.00|29223.80|29223.80|540.00|540.00
541|2933.20|2933.20|541.00|29332.00|29332.00|541.00|541.00
542|2944.04|2944.04|542.00|29440.40|29440.40|542.00|542.00
543|2954.90|2954.90|543.00|29549.00|29549.00|543.00|543.00
544|2965.78|2965.78|544.00|29657.80|29657.80|544.00|544.00
545|2976.68|2976.68|545.00|29766.80|29766.80|545.00|545.00
546|2987.60|2987.60|546.00|29876.00|29876.00|546.00|546.00
547|2998.54|2998.54|547.00|29985.40|29985.40|547.00|547.00
548|3009.50|3009.50|548.00|30095.00|30095.00|548.00|548.00
549|3020.48|3020.48|549.00|30204.80|30204.80|549.00|549.00
550|3031.48|3031.48|550.00|30314.80|30314.80|550.00|550.00
551|3042.50|3042.50|551.00|30425.00|30425.00|551.00|551.00
552|3053.54|3053.54|552.00|30535.40|30535.40|552.00|552.00
553|3064.60|3064.60|553.00|30646.00|30646.00|553.00|553.00
554|3075.68|3075.68|554.00|30756.80|30756.80|554.00|554.00
555|3086.78|3086.78|555.00|30867.80|30867.80|555.00|555.00
556|3097.90|3097.90|556.00|30979.00|30979.00|556.00|556.00
557|3109.04|3109.04|557.00|31090.40|31090.40|557.00|557.00
558|3120.20|3120.20|558.00|31202.00|31202.00|558.00|558.00
559|3131.38|3131.38|559.00|31313.80|31313.80|559.00|559.00
560|3142.58|3142.58|560.00|31425.80|31425.80|560.00|560.00
561|3153.80|3153.80|561.00|31538.00|31538.00|561.00|561.00
562|3165.04|3165.04|562.00|31650.40|31650.40|562.00|562.00
563|3176.30|3176.30|563.00|31763.00|31763.00|563.00|563.00
564|3187.58|3187.58|564.00|31875.80|31875.80|564.00|564.00
565|3198.88|3198.88|565.00|31988.80|31988.80|565.00|565.00
566|3210.20|3210.20|566.00|32102.00|32102.00|566.00|566.00
567|3221.54|3221.54|567.00|32215.40|32215.40|567.00|567.00
568|3232.90|3232.90|568.00|32329.00|32329.00|568.00|568.00
569|3244.28|3244.28|569.00|32442.80|32442.80|569.00|569.00
570|3255.68|3255.68|570.00|32556.80|32556.80|570.00|570.00
571|3267.10|3267.10|571.00|32671.00|32671.00|571.00|571.00
572|3278.54|3278.54|572.00|32785.40|32785.40|572.00|572.00
573|3290.00|3290.00|573.00|32900.00|32900.00|573.00|573.00
574|3301.48|3301.48|574.00|33014.80|33014.80|574.00|574.00
575|3312.98|3312.98|575.00|33129.80|33129.80|575.00|575.00
576|3324.50|3324.50|576.00|33245.00|33245.00|576.00|576.00
577|3336.04|3336.04|577.00|33360.40|33360.40|577.00|577.00
578|3347.60|3347.60|578.00|33476.00|33476.00|578.00|578.00
579|3359.18|3359.18|579.00|33591.80|33591.80|579.00|579.00
580|3370.78|3370.78|580.00|33707.80|33707.80|580.00|580.00
581|3382.40|3382.40|581.00|33824.00|33824.00|581.00|581.00
582|3394.04|3394.04|582.00|33940.40|33940.40|582.00|582.00
583|3405.70|3405.70|583.00|34057.00|34057.00|583.00|583.00
584|3417.38|3417.38|584.00|34173.80|34173.80|584.00|584.00
585|3429.08|3429.08|585.00|34290.80|34290.80|585.00|585.00
586|3440.80|3440.80|586.00|34408.00|34408.00|586.00|586.00
587|3452.54|3452.54|587.00|34525.40|34525.40|587.00|587.00
588|3464.30|3464.30|588.00|34643.00|34643.00|588.00|588.00
589|3476.08|3476.08|589.00|34760.80|34760.80|589.00|589.00
590|3487.88|3487.88|590.00|34878.80|34878.80|590.00|590.00
591|3499.70|3499.70|591.00|34997.00|34997.00|591.00|591.00
592|3511.54|3511.54|592.00|35115.40|35115.40|592.00|592.00
593|3523.40|3523.40|593.00|35234.00|35234.00|593.00|593.00
594|3535.28|3535.28|594.00|35352.80|35352.80|594.00|594.00
595|3547.18|3547.18|595.00|35471.80|35471.80|595.00|595.00
596|3559.10|3559.10|596.00|35591.00|35591.00|596.00|596.00
597|3571.04|3571.04|597.00|35710.40|35710.40|597.00|597.00
598|3583.00|3583.00|598.00|35830.00|35830.00|598.00|598.00
599|3594.98|3594.98|599.00|35949.80|35949.80|599.00|599.00
600|3606.98|3606.98|600.00|36069.80|36069.80|600.00|600.00
601|3619.00|3619.00|601.00|36190.00|36190.00|601.00|601.00
602|3631.04|3631.04|602.00|36310.40|36310.40|602.00|602.00
603|3643.10|3643.10|603.00|36431.00|36431.00|603.00|603.00
604|3655.18|3655.18|604.00|36551.80|36551.80|604.00|604.00
605|3667.28|3667.28|605.00|36672.80|36672.80|605.00|605.00
606|3679.40|3679.40|606.00|36794.00|36794.00|606.00|606.00
607|3691.54|3691.54|607.00|36915.40|36915.40|607.00|607.00
608|3703.70|3703.70|608.00|37037.00|37037.00|608.00|608.00
609|3715.88|3715.88|609.00|37158.80|37158.80|609.00|609.00
610|3728.08|3728.08|610.00|37280.80|37280.80|610.00|610.00
611|3740.30|3740.30|611.00|37403.00|37403.00|611.00|611.00
612|3752.54|3752.54|612.00|37525.40|37525.40|612.00|612.00
613|3764.80|3764.80|613.00|37648.00|37648.00|613.00|613.00
614|3777.08|3777.08|614.00|37770.80|37770.80|614.00|614.00
615|3789.38|3789.38|615.00|37893.80|37893.80|615.00|615.00
616|3801.70|3801.70|616.00|38017.00|38017.00|616.00|616.00
617|3814.04|3814.04|617.00|38140.40|38140.40|617.00|617.00
618|3826.40|3826.40|618.00|38264.00|38264.00|618.00|618.00
619|3838.78|3838.78|619.00|38387.80|38387.80|619.00|619.00
620|3851.18|3851.18|620.00|38511.80|38511.80|620.00|620.00
621|3863.60|3863.60|621.00|38636.00|38636.00|621.00|621.00
622|3876.04|3876.04|622.00|38760.40|38760.40|622.00|622.00
623|3888.50|3888.50|623.00|38885.00|38885.00|623.00|623.00
624|3900.98|3900.98|624.00|39009.80|39009.80|624.00|624.00
625|3913.48|3913.48|625.00|39134.80|39134.80|625.00|625.00
626|3926.00|3926.00|626.00|39260.00|39260.00|626.00|626.00
627|3938.54|3938.54|627.00|39385.40|39385.40|627.00|627.00
628|3951.10|3951.10|628.00|39511.00|39511.00|628.00|628.00
629|3963.68|3963.68|629.00|39636.80|39636.80|629.00|629.00
630|3976.28|3976.28|630.00|39762.80|39762.80|630.00|630.00
631|3988.90|3988.90|631.00|39889.00|39889.00|631.00|631.00
632|4001.54|4001.54|632.00|40015.40|40015.40|632.00|632.00
633|4014.20|4014.20|633.00|40142.00|40142.00|633.00|633.00
634|4026.88|4026.88|634.00|40268.80|40268.80|634.00|634.00
635|4039.58|4039.58|635.00|40395.80|40395.80|635.00|635.00
636|4052.30|4052.30|636.00|40523.00|40523.00|636.00|636.00
637|4065.04|4065.04|637.00|40650.40|40650.40|637.00|637.00
638|4077.80|4077.80|638.00|40778.00|40778.00|638.00|638.00
639|4090.58|4090.58|639.00|40905.80|40905.80|639.00|639.00
640|4103.38|4103.38|640.00|41033.80|41033.80|640.00|640.00
641|4116.20|4116.20|641.00|41162.00|41162.00|641.00|641.00
642|4129.04|4129.04|642.00|41290.40|41290.40|642.00|642.00
643|4141.90|4141.90|643.00|41419.00|41419.00|643.00|643.00
644|4154.78|4154.78|644.00|41547.80|41547.80|644.00|644.00
645|4167.68|4167.68|645.00|41676.80|41676.80|645.00|645.00
646|4180.60|4180.60|646.00|41806.00|41806.00|646.00|646.00
647|4193.54|4193.54|647.00|41935.40|41935.40|647.00|647.00
648|4206.50|4206.50|648.00|42065.00|42065.00|648.00|648.00
649|4219.48|4219.48|649.00|42194.80|42194.80|649.00|649.00
650|4232.48|4232.48|650.00|42324.80|42324.80|650.00|650.00
651|4245.50|4245.50|651.00|42455.00|42455.00|651.00|651.00
652|4258.54|4258.54|652.00|42585.40|42585.40|652.00|652.00
653|4271.60|4271.60|653.00|42716.00|42716.00|653.00|653.00
654|4284.68|4284.68|654.00|42846.80|42846.80|654.00|654.00
655|4297.78|4297.78|655.00|42977.80|42977.80|655.00|655.00
656|4310.90|4310.90|656.00|43109.00|43109.00|656.00|656.00
657|4324.04|4324.04|657.00|43240.40|43240.40|657.00|657.00
658|4337.20|4337.20|658.00|43372.00|43372.00|658.00|658.00
659|4350.38|4350.38|659.00|43503.80|43503.80|659.00|659.00
660|4363.58|4363.58|660.00|43635.80|43635.80|660.00|660.00
661|4376.80|4376.80|661.00|43768.00|43768.00|661.00|661.00
662|4390.04|4390.04|662.00|43900.40|43900.40|662.00|662.00
663|4403.30|4403.30|663.00|44033.00|44033.00|663.00|663.00
664|4416.58|4416.58|664.00|44165.80|44165.80|664.00|664.00
665|4429.88|4429.88|665.00|44298.80|44298.80|665.00|665.00
666|4443.20|4443.20|666.00|44432.00|44432.00|666.00|666.00
667|4456.54|4456.54|667.00|44565.40|44565.40|667.00|667.00
668|4469.90|4469.90|668.00|44699.00|44699.00|668.00|668.00
669|4483.28|4483.28|669.00|44832.80|44832.80|669.00|669.00
670|4496.68|4496.68|670.00|44966.80|44966.80|670.00|670.00
671|4510.10|4510.10|671.00|45101.00|45101.00|671.00|671.00
672|4523.54|4523.54|672.00|45235.40|45235.40|672.00|672.00
673|4537.00|4537.00|673.00|45370.00|45370.00|673.00|673.00
674|4550.48|4550.48|674.00|45504.80|45504.80|674.00|674.00
675|4563.98|4563.98|675.00|45639.80|45639.80|675.00|675.00
676|4577.50|4577.50|676.00|45775.00|45775.00|676.00|676.00
677|4591.04|4591.04|677.00|45910.40|45910.40|677.00|677.00
678|4604.60|4604.60|678.00|46046.00|46046.00|678.00|678.00
679|4618.18|4618.18|679.00|46181.80|46181.80|679.00|679.00
680|4631.78|4631.78|680.00|46317.80|46317.80|680.00|680.00
681|4645.40|4645.40|681.00|46454.00|46454.00|681.00|681.00
682|4659.04|4659.04|682.00|46590.40|46590.40|682.00|682.00
683|4672.70|4672.70|683.00|46727.00|46727.00|683.00|683.00
684|4686.38|4686.38|684.00|46863.80|46863.80|684.00|684.00
685|4700.08|4700.08|685.00|47000.80|47000.80|685.00|685.00
686|4713.80|4713.80|686.00|47138.00|47138.00|686.00|686.00
687|4727.54|4727.54|687.00|47275.40|47275.40|687.00|687.00
688|4741.30|4741.30|688.00|47413.00|47413.00|688.00|688.00
689|4755.08|4755.08|689.00|47550.80|47550.80|689.00|689.00
690|4768.88|4768.88|690.00|47688.80|47688.80|690.00|690.00
691|4782.70|4782.70|691.00|47827.00|47827.00|691.00|691.00
692|4796.54|4796.54|692.00|47965.40|47965.40|692.00|692.00
693|4810.40|4810.40|693.00|48104.00|48104.00|693.00|693.00
694|4824.28|4824.28|694.00|48242.80|48242.80|694.00|694.00
695|4838.18|4838.18|695.00|48381.80|48381.80|695.00|695.00
696|4852.10|4852.10|696.00|48521.00|48521.00|696.00|696.00
697|4866.04|4866.04|697.00|48660.40|48660.40|697.00|697.00
698|4880.00|4880.00|698.00|48800.00|48800.00|698.00|698.00
699|4893.98|4893.98|699.00|48939.80|48939.80|699.00|699.00
700|4907.98|4907.98|700.00|49079.80|49079.80|700.00|700.00
701|4922.00|4922.00|701.00|49220.00|49220.00|701.00|701.00
702|4936.04|4936.04|702.00|49360.40|49360.40|702.00|702.00
703|4950.10|4950.10|703.00|49501.00|49501.00|703.00|703.00
704|4964.18|4964.18|704.00|49641.80|49641.80|704.00|704.00
705|4978.28|4978.28|705.00|49782.80|49782.80|705.00|705.00
706|4992.40|4992.40|706.00|49924.00|49924.00|706.00|706.00
707|5006.54|5006.54|707.00|50065.40|50065.40|707.00|707.00
708|5020.70|5020.70|708.00|50207.00|50207.00|708.00|708.00
709|5034.88|5034.88|709.00|50348.80|50348.80|709.00|709.00
710|5049.08|5049.08|710.00|50490.80|50490.80|710.00|710.00
711|5063.30|5063.30|711.00|50633.00|50633.00|711.00|711.00
712|5077.54|5077.54|712.00|50775.40|50775.40|712.00|712.00
713|5091.80|5091.80|713.00|50918.00|50918.00|713.00|713.00
714|5106.08|5106.08|714.00|51060.80|51060.80|714.00|714.00
715|5120.38|5120.38|715.00|51203.80|51203.80|715.00|715.00
716|5134.70|5134.70|716.00|51347.00|51347.00|716.00|716.00
717|5149.04|5149.04|717.00|51490.40|51490.40|717.00|717.00
718|5163.40|5163.40|718.00|51634.00|51634.00|718.00|718.00
719|5177.78|5177.78|719.00|51777.80|51777.80|719.00|719.00
720|5192.18|5192.18|720.00|51921.80|51921.80|720.00|720.00
721|5206.60|5206.60|721.00|52066.00|52066.00|721.00|721.00
722|5221.04|5221.04|722.00|52210.40|52210.40|722.00|722.00
723|5235.50|5235.50|723.00|52355.00|52355.00|723.00|723.00
724|5249.98|5249.98|724.00|52499.80|52499.80|724.00|724.00
725|5264.48|5264.48|725.00|52644.80|52644.80|725.00|725.00
726|5279.00|5279.00|726.00|52790.00|52790.00|726.00|726.00
727|5293.54|5293.54|727.00|52935.40|52935.40|727.00|727.00
728|5308.10|5308.10|728.00|53081.00|53081.00|728.00|728.00
729|5322.68|5322.68|729.00|53226.80|53226.80|729.00|729.00
730|5337.28|5337.28|730.00|53372.80|53372.80|730.00|730.00
731|5351.90|5351.90|731.00|53519.00|53519.00|731.00|731.00
732|5366.54|5366.54|732.00|53665.40|53665.40|732.00|732.00
733|5381.20|5381.20|733.00|53812.00|53812.00|733.00|733.00
734|5395.88|5395.88|734.00|53958.80|53958.80|734.00|734.00
735|5410.58|5410.58|735.00|54105.80|54105.80|735.00|735.00
736|5425.30|5425.30|736.00|54253.00|54253.00|736.00|736.00
737|5440.04|5440.04|737.00|54400.40|54400.40|737.00|737.00
738|5454.80|5454.80|738.00|54548.00|54548.00|738.00|738.00
739|5469.58|5469.58|739.00|54695.80|54695.80|739.00|739.00
740|5484.38|5484.38|740.00|54843.80|54843.80|740.00|740.00
741|5499.20|5499.20|741.00|54992.00|54992.00|741.00|741.00
742|5514.04|5514.04|742.00|55140.40|55140.40|742.00|742.00
743|5528.90|5528.90|743.00|55289.00|55289.00|743.00|743.00
744|5543.78|5543.78|744.00|55437.80|55437.80|744.00|744.00
745|5558.68|5558.68|745.00|55586.80|55586.80|745.00|745.00
746|5573.60|5573.60|746.00|55736.00|55736.00|746.00|746.00
747|5588.54|5588.54|747.00|55885.40|55885.40|747.00|747.00
748|5603.50|5603.50|748.00|56035.00|56035.00|748.00|748.00
749|5618.48|5618.48|749.00|56184.80|56184.80|749.00|749.00
750|5633.48|5633.48|750.00|56334.80|56334.80|750.00|750.00
751|5648.50|5648.50|751.00|56485.00|56485.00|751.00|751.00
752|5663.54|5663.54|752.00|56635.40|56635.40|752.00|752.00
753|5678.60|5678.60|753.00|56786.00|56786.00|753.00|753.00
754|5693.68|5693.68|754.00|56936.80|56936.80|754.00|754.00
755|5708.78|5708.78|755.00|57087.80|57087.80|755.00|755.00
756|5723.90|5723.90|756.00|57239.00|57239.00|756.00|756.00
757|5739.04|5739.04|757.00|57390.40|57390.40|757.00|757.00
758|5754.20|5754.20|758.00|57542.00|57542.00|758.00|758.00
759|5769.38|5769.38|759.00|57693.80|57693.80|759.00|759.00
760|5784.58|5784.58|760.00|57845.80|57845.80|760.00|760.00
761|5799.80|5799.80|761.00|57998.00|57998.00|761.00|761.00
762|5815.04|5815.04|762.00|58150.40|58150.40|762.00|762.00
763|5830.30|5830.30|763.00|58303.00|58303.00|763.00|763.00
764|5845.58|5845.58|764.00|58455.80|58455.80|764.00|764.00
765|5860.88|5860.88|765.00|58608.80|58608.80|765.00|765.00
766|5876.20|5876.20|766.00|58762.00|58762.00|766.00|766.00
767|5891.54|5891.54|767.00|58915.40|58915.40|767.00|767.00
768|5906.90|5906.90|768.00|59069.00|59069.00|768.00|768.00
769|5922.28|5922.28|769.00|59222.80|59222.80|769.00|769.00
770|5937.68|5937.68|770.00|59376.80|59376.80|770.00|770.00
771|5953.10|5953.10|771.00|59531.00|59531.00|771.00|771.00
772|5968.54|5968.54|772.00|59685.40|59685.40|772.00|772.00
773|5984.00|5984.00|773.00|59840.00|59840.00|773.00|773.00
774|5999.48|5999.48|774.00|59994.80|59994.80|774.00|774.00
775|6014.98|6014.98|775.00|60149.80|60149.80|775.00|775.00
776|6030.50|6030.50|776.00|60305.00|60305.00|776.00|776.00
777|6046.04|6046.04|777.00|60460.40|60460.40|777.00|777.00
778|6061.60|6061.60|778.00|60616.00|60616.00|778.00|778.00
779|6077.18|6077.18|779.00|60771.80|60771.80|779.00|779.00
780|6092.78|6092.78|780.00|60927.80|60927.80|780.00|780.00
781|6108.40|6108.40|781.00|61084.00|61084.00|781.00|781.00
782|6124.04|6124.04|782.00|61240.40|61240.40|782.00|782.00
783|6139.70|6139.70|783.00|61397.00|61397.00|783.00|783.00
784|6155.38|6155.38|784.00|61553.80|61553.80|784.00|784.00
785|6171.08|6171.08|785.00|61710.80|61710.80|785.00|785.00
786|6186.80|6186.80|786.00|61868.00|61868.00|786.00|786.00
787|6202.54|6202.54|787.00|62025.40|62025.40|787.00|787.00
788|6218.30|6218.30|788.00|62183.00|62183.00|788.00|788.00
789|6234.08|6234.08|789.00|62340.80|62340.80|789.00|789.00
790|6249.88|6249.88|790.00|62498.80|62498.80|790.00|790.00
791|6265.70|6265.70|791.00|62657.00|62657.00|791.00|791.00
792|6281.54|6281.54|792.00|62815.40|62815.40|792.00|792.00
793|6297.40|6297.40|793.00|62974.00|62974.00|793.00|793.00
794|6313.28|6313.28|794.00|63132.80|63132.80|794.00|794.00
795|6329.18|6329.18|795.00|63291.80|63291.80|795.00|795.00
796|6345.10|6345.10|796.00|63451.00|63451.00|796.00|796.00
797|6361.04|6361.04|797.00|63610.40|63610.40|797.00|797.00
798|6377.00|6377.00|798.00|63770.00|63770.00|798.00|798.00
799|6392.98|6392.98|799.00|63929.80|63929.80|799.00|799.00
800|6408.98|6408.98|800.00|64089.80|64089.80|800.00|800.00
801|6425.00|6425.00|801.00|64250.00|64250.00|801.00|801.00
802|6441.04|6441.04|802.00|64410.40|64410.40|802.00|802.00
803|6457.10|6457.10|803.00|64571.00|64571.00|803.00|803.00
804|6473.18|6473.18|804.00|64731.80|64731.80|804.00|804.00
805|6489.28|6489.28|805.00|64892.80|64892.80|805.00|805.00
806|6505.40|6505.40|806.00|65054.00|65054.00|806.00|806.00
807|6521.54|6521.54|807.00|65215.40|65215.40|807.00|807.00
808|6537.70|6537.70|808.00|65377.00|65377.00|808.00|808.00
809|6553.88|6553.88|809.00|65538.80|65538.80|809.00|809.00
810|6570.08|6570.08|810.00|65700.80|65700.80|810.00|810.00
811|6586.30|6586.30|811.00|65863.00|65863.00|811.00|811.00
812|6602.54|6602.54|812.00|66025.40|66025.40|812.00|812.00
813|6618.80|6618.80|813.00|66188.00|66188.00|813.00|813.00
814|6635.08|6635.08|814.00|66350.80|66350.80|814.00|814.00
815|6651.38|6651.38|815.00|66513.80|66513.80|815.00|815.00
816|6667.70|6667.70|816.00|66677.00|66677.00|816.00|816.00
817|6684.04|6684.04|817.00|66840.40|66840.40|817.00|817.00
818|6700.40|6700.40|818.00|67004.00|67004.00|818.00|818.00
819|6716.78|6716.78|819.00|67167.80|67167.80|819.00|819.00
820|6733.18|6733.18|820.00|67331.80|67331.80|820.00|820.00
821|6749.60|6749.60|821.00|67496.00|67496.00|821.00|821.00
822|6766.04|6766.04|822.00|67660.40|67660.40|822.00|822.00
823|6782.50|6782.50|823.00|67825.00|67825.00|823.00|823.00
824|6798.98|6798.98|824.00|67989.80|67989.80|824.00|824.00
825|6815.48|6815.48|825.00|68154.80|68154.80|825.00|825.00
826|6832.00|6832.00|826.00|68320.00|68320.00|826.00|826.00
827|6848.54|6848.54|827.00|68485.40|68485.40|827.00|827.00
828|6865.10|6865.10|828.00|68651.00|68651.00|828.00|828.00
829|6881.68|6881.68|829.00|68816.80|68816.80|829.00|829.00
830|6898.28|6898.28|830.00|68982.80|68982.80|830.00|830.00
831|6914.90|6914.90|831.00|69149.00|69149.00|831.00|831.00
832|6931.54|6931.54|832.00|69315.40|69315.40|832.00|832.00
833|6948.20|6948.20|833.00|69482.00|69482.00|833.00|833.00
834|6964.88|6964.88|834.00|69648.80|69648.80|834.00|834.00
835|6981.58|6981.58|835.00|69815.80|69815.80|835.00|835.00
836|6998.30|6998.30|836.00|69983.00|69983.00|836.00|836.00
837|7015.04|7015.04|837.00|70150.40|70150.40|837.00|837.00
838|7031.80|7031.80|838.00|70318.00|70318.00|838.00|838.00
839|7048.58|7048.58|839.00|70485.80|70485.80|839.00|839.00
840|7065.38|7065.38|840.00|70653.80|70653.80|840.00|840.00
841|7082.20|7082.20|841.00|70822.00|70822.00|841.00|841.00
842|7099.04|7099.04|842.00|70990.40|70990.40|842.00|842.00
843|7115.90|7115.90|843.00|71159.00|71159.00|843.00|843.00
844|7132.78|7132.78|844.00|71327.80|71327.80|844.00|844.00
845|7149.68|7149.68|845.00|71496.80|71496.80|845.00|845.00
846|7166.60|7166.60|846.00|71666.00|71666.00|846.00|846.00
847|7183.54|7183.54|847.00|71835.40|71835.40|847.00|847.00
848|7200.50|7200.50|848.00|72005.00|72005.00|848.00|848.00
849|7217.48|7217.48|849.00|72174.80|72174.80|849.00|849.00
850|7234.48|7234.48|850.00|72344.80|72344.80|850.00|850.00
851|7251.50|7251.50|851.00|72515.00|72515.00|851.00|851.00
852|7268.54|7268.54|852.00|72685.40|72685.40|852.00|852.00
853|7285.60|7285.60|853.00|72856.00|72856.00|853.00|853.00
854|7302.68|7302.68|854.00|73026.80|73026.80|854.00|854.00
855|7319.78|7319.78|855.00|73197.80|73197.80|855.00|855.00
856|7336.90|7336.90|856.00|73369.00|73369.00|856.00|856.00
857|7354.04|7354.04|857.00|73540.40|73540.40|857.00|857.00
858|7371.20|7371.20|858.00|73712.00|73712.00|858.00|858.00
859|7388.38|7388.38|859.00|73883.80|73883.80|859.00|859.00
860|7405.58|7405.58|860.00|74055.80|74055.80|860.00|860.00
861|7422.80|7422.80|861.00|74228.00|74228.00|861.00|861.00
862|7440.04|7440.04|862.00|74400.40|74400.40|862.00|862.00
863|7457.30|7457.30|863.00|74573.00|74573.00|863.00|863.00
864|7474.58|7474.58|864.00|74745.80|74745.80|864.00|864.00
865|7491.88|7491.88|865.00|74918.80|74918.80|865.00|865.00
866|7509.20|7509.20|866.00|75092.00|75092.00|866.00|866.00
867|7526.54|7526.54|867.00|75265.40|75265.40|867.00|867.00
868|7543.90|7543.90|868.00|75439.00|75439.00|868.00|868.00
869|7561.28|7561.28|869.00|75612.80|75612.80|869.00|869.00
870|7578.68|7578.68|870.00|75786.80|75786.80|870.00|870.00
871|7596.10|7596.10|871.00|75961.00|75961.00|871.00|871.00
872|7613.54|7613.54|872.00|76135.40|76135.40|872.00|872.00
873|7631.00|7631.00|873.00|76310.00|76310.00|873.00|873.00
874|7648.48|7648.48|874.00|76484.80|76484.80|874.00|874.00
875|7665.98|7665.98|875.00|76659.80|76659.80|875.00|875.00
876|7683.50|7683.50|876.00|76835.00|76835.00|876.00|876.00
877|7701.04|7701.04|877.00|77010.40|77010.40|877.00|877.00
878|7718.60|7718.60|878.00|77186.00|77186.00|878.00|878.00
879|7736.18|7736.18|879.00|77361.80|77361.80|879.00|879.00
880|7753.78|7753.78|880.00|77537.80|77537.80|880.00|880.00
881|7771.40|7771.40|881.00|77714.00|77714.00|881.00|881.00
882|7789.04|7789.04|882.00|77890.40|77890.40|882.00|882.00
883|7806.70|7806.70|883.00|78067.00|78067.00|883.00|883.00
884|7824.38|7824.38|884.00|78243.80|78243.80|884.00|884.00
885|7842.08|7842.08|885.00|78420.80|78420.80|885.00|885.00
886|7859.80|7859.80|886.00|78598.00|78598.00|886.00|886.00
887|7877.54|7877.54|887.00|78775.40|78775.40|887.00|887.00
888|7895.30|7895.30|888.00|78953.00|78953.00|888.00|888.00
889|7913.08|7913.08|889.00|79130.80|79130.80|889.00|889.00
890|7930.88|7930.88|890.00|79308.80|79308.80|890.00|890.00
891|7948.70|7948.70|891.00|79487.00|79487.00|891.00|891.00
892|7966.54|7966.54|892.00|79665.40|79665.40|892.00|892.00
893|7984.40|7984.40|893.00|79844.00|79844.00|893.00|893.00
894|8002.28|8002.28|894.00|80022.80|80022.80|894.00|894.00
895|8020.18|8020.18|895.00|80201.80|80201.80|895.00|895.00
896|8038.10|8038.10|896.00|80381.00|80381.00|896.00|896.00
897|8056.04|8056.04|897.00|80560.40|80560.40|897.00|897.00
898|8074.00|8074.00|898.00|80740.00|80740.00|898.00|898.00
899|8091.98|8091.98|899.00|80919.80|80919.80|899.00|899.00
900|8109.98|8109.98|900.00|81099.80|81099.80|900.00|900.00
901|8128.00|8128.00|901.00|81280.00|81280.00|901.00|901.00
902|8146.04|8146.04|902.00|81460.40|81460.40|902.00|902.00
903|8164.10|8164.10|903.00|81641.00|81641.00|903.00|903.00
904|8182.18|8182.18|904.00|81821.80|81821.80|904.00|904.00
905|8200.28|8200.28|905.00|82002.80|82002.80|905.00|905.00
906|8218.40|8218.40|906.00|82184.00|82184.00|906.00|906.00
907|8236.54|8236.54|907.00|82365.40|82365.40|907.00|907.00
908|8254.70|8254.70|908.00|82547.00|82547.00|908.00|908.00
909|8272.88|8272.88|909.00|82728.80|82728.80|909.00|909.00
910|8291.08|8291.08|910.00|82910.80|82910.80|910.00|910.00
911|8309.30|8309.30|911.00|83093.00|83093.00|911.00|911.00
912|8327.54|8327.54|912.00|83275.40|83275.40|912.00|912.00
913|8345.80|8345.80|913.00|83458.00|83458.00|913.00|913.00
914|8364.08|8364.08|914.00|83640.80|83640.80|914.00|914.00
915|8382.38|8382.38|915.00|83823.80|83823.80|915.00|915.00
916|8400.70|8400.70|916.00|84007.00|84007.00|916.00|916.00
917|8419.04|8419.04|917.00|84190.40|84190.40|917.00|917.00
918|8437.40|8437.40|918.00|84374.00|84374.00|918.00|918.00
919|8455.78|8455.78|919.00|84557.80|84557.80|919.00|919.00
920|8474.18|8474.18|920.00|84741.80|84741.80|920.00|920.00
921|8492.60|8492.60|921.00|84926.00|84926.00|921.00|921.00
922|8511.04|8511.04|922.00|85110.40|85110.40|922.00|922.00
923|8529.50|8529.50|923.00|85295.00|85295.00|923.00|923.00
924|8547.98|8547.98|924.00|85479.80|85479.80|924.00|924.00
925|8566.48|8566.48|925.00|85664.80|85664.80|925.00|925.00
926|8585.00|8585.00|926.00|85850.00|85850.00|926.00|926.00
927|8603.54|8603.54|927.00|86035.40|86035.40|927.00|927.00
928|8622.10|8622.10|928.00|86221.00|86221.00|928.00|928.00
929|8640.68|8640.68|929.00|86406.80|86406.80|929.00|929.00
930|8659.28|8659.28|930.00|86592.80|86592.80|930.00|930.00
931|8677.90|8677.90|931.00|86779.00|86779.00|931.00|931.00
932|8696.54|8696.54|932.00|86965.40|86965.40|932.00|932.00
933|8715.20|8715.20|933.00|87152.00|87152.00|933.00|933.00
934|8733.88|8733.88|934.00|87338.80|87338.80|934.00|934.00
935|8752.58|8752.58|935.00|87525.80|87525.80|935.00|935.00
936|8771.30|8771.30|936.00|87713.00|87713.00|936.00|936.00
937|8790.04|8790.04|937.00|87900.40|87900.40|937.00|937.00
938|8808.80|8808.80|938.00|88088.00|88088.00|938.00|938.00
939|8827.58|8827.58|939.00|88275.80|88275.80|939.00|939.00
940|8846.38|8846.38|940.00|88463.80|88463.80|940.00|940.00
941|8865.20|8865.20|941.00|88652.00|88652.00|941.00|941.00
942|8884.04|8884.04|942.00|88840.40|88840.40|942.00|942.00
943|8902.90|8902.90|943.00|89029.00|89029.00|943.00|943.00
944|8921.78|8921.78|944.00|89217.80|89217.80|944.00|944.00
945|8940.68|8940.68|945.00|89406.80|89406.80|945.00|945.00
946|8959.60|8959.60|946.00|89596.00|89596.00|946.00|946.00
947|8978.54|8978.54|947.00|89785.40|89785.40|947.00|947.00
948|8997.50|8997.50|948.00|89975.00|89975.00|948.00|948.00
949|9016.48|9016.48|949.00|90164.80|90164.80|949.00|949.00
950|9035.48|9035.48|950.00|90354.80|90354.80|950.00|950.00
951|9054.50|9054.50|951.00|90545.00|90545.00|951.00|951.00
952|9073.54|9073.54|952.00|90735.40|90735.40|952.00|952.00
953|9092.60|9092.60|953.00|90926.00|90926.00|953.00|953.00
954|9111.68|9111.68|954.00|91116.80|91116.80|954.00|954.00
955|9130.78|9130.78|955.00|91307.80|91307.80|955.00|955.00
956|9149.90|9149.90|956.00|91499.00|91499.00|956.00|956.00
957|9169.04|9169.04|957.00|91690.40|91690.40|957.00|957.00
958|9188.20|9188.20|958.00|91882.00|91882.00|958.00|958.00
959|9207.38|9207.38|959.00|92073.80|92073.80|959.00|959.00
960|9226.58|9226.58|960.00|92265.80|92265.80|960.00|960.00
961|9245.80|9245.80|961.00|92458.00|92458.00|961.00|961.00
962|9265.04|9265.04|962.00|92650.40|92650.40|962.00|962.00
963|9284.30|9284.30|963.00|92843.00|92843.00|963.00|963.00
964|9303.58|9303.58|964.00|93035.80|93035.80|964.00|964.00
965|9322.88|9322.88|965.00|93228.80|93228.80|965.00|965.00
966|9342.20|9342.20|966.00|93422.00|93422.00|966.00|966.00
967|9361.54|9361.54|967.00|93615.40|93615.40|967.00|967.00
968|9380.90|9380.90|968.00|93809.00|93809.00|968.00|968.00
969|9400.28|9400.28|969.00|94002.80|94002.80|969.00|969.00
970|9419.68|9419.68|970.00|94196.80|94196.80|970.00|970.00
971|9439.10|9439.10|971.00|94391.00|94391.00|971.00|971.00
972|9458.54|9458.54|972.00|94585.40|94585.40|972.00|972.00
973|9478.00|9478.00|973.00|94780.00|94780.00|973.00|973.00
974|9497.48|9497.48|974.00|94974.80|94974.80|974.00|974.00
975|9516.98|9516.98|975.00|95169.80|95169.80|975.00|975.00
976|9536.50|9536.50|976.00|95365.00|95365.00|976.00|976.00
977|9556.04|9556.04|977.00|95560.40|95560.40|977.00|977.00
978|9575.60|9575.60|978.00|95756.00|95756.00|978.00|978.00
979|9595.18|9595.18|979.00|95951.80|95951.80|979.00|979.00
980|9614.78|9614.78|980.00|96147.80|96147.80|980.00|980.00
981|9634.40|9634.40|981.00|96344.00|96344.00|981.00|981.00
982|9654.04|9654.04|982.00|96540.40|96540.40|982.00|982.00
983|9673.70|9673.70|983.00|96737.00|96737.00|983.00|983.00
984|9693.38|9693.38|984.00|96933.80|96933.80|984.00|984.00
985|9713.08|9713.08|985.00|97130.80|97130.80|985.00|985.00
986|9732.80|9732.80|986.00|97328.00|97328.00|986.00|986.00
987|9752.54|9752.54|987.00|97525.40|97525.40|987.00|987.00
988|9772.30|9772.30|988.00|97723.00|97723.00|988.00|988.00
989|9792.08|9792.08|989.00|97920.80|97920.80|989.00|989.00
990|9811.88|9811.88|990.00|98118.80|98118.80|990.00|990.00
991|9831.70|9831.70|991.00|98317.00|98317.00|991.00|991.00
992|9851.54|9851.54|992.00|98515.40|98515.40|992.00|992.00
993|9871.40|9871.40|993.00|98714.00|98714.00|993.00|993.00
994|9891.28|9891.28|994.00|98912.80|98912.80|994.00|994.00
995|9911.18|9911.18|995.00|99111.80|99111.80|995.00|995.00
996|9931.10|9931.10|996.00|99311.00|99311.00|996.00|996.00
997|9951.04|9951.04|997.00|99510.40|99510.40|997.00|997.00
998|9971.00|9971.00|998.00|99710.00|99710.00|998.00|998.00
999|9990.98|9990.98|999.00|99909.80|99909.80|999.00|999.00
1000|10010.98|10010.98|1000.00|100109.80|100109.80|1000.00|1000.00
1001|10031.00|10031.00|1001.00|100310.00|100310.00|1001.00|1001.00
1002|10051.04|10051.04|1002.00|100510.40|100510.40|1002.00|1002.00
1003|10071.10|10071.10|1003.00|100711.00|100711.00|1003.00|1003.00
1004|10091.18|10091.18|1004.00|100911.80|100911.80|1004.00|1004.00
1005|10111.28|10111.28|1005.00|101112.80|101112.80|1005.00|1005.00
1006|10131.40|10131.40|1006.00|101314.00|101314.00|1006.00|1006.00
1007|10151.54|10151.54|1007.00|101515.40|101515.40|1007.00|1007.00
1008|10171.70|10171.70|1008.00|101717.00|101717.00|1008.00|1008.00
1009|10191.88|10191.88|1009.00|101918.80|101918.80|1009.00|1009.00
1010|10212.08|10212.08|1010.00|102120.80|102120.80|1010.00|1010.00
1011|10232.30|10232.30|1011.00|102323.00|102323.00|1011.00|1011.00
1012|10252.54|10252.54|1012.00|102525.40|102525.40|1012.00|1012.00
1013|10272.80|10272.80|1013.00|102728.00|102728.00|1013.00|1013.00
1014|10293.08|10293.08|1014.00|102930.80|102930.80|1014.00|1014.00
1015|10313.38|10313.38|1015.00|103133.80|103133.80|1015.00|1015.00
1016|10333.70|10333.70|1016.00|103337.00|103337.00|1016.00|1016.00
1017|10354.04|10354.04|1017.00|103540.40|103540.40|1017.00|1017.00
1018|10374.40|10374.40|1018.00|103744.00|103744.00|1018.00|1018.00
1019|10394.78|10394.78|1019.00|103947.80|103947.80|1019.00|1019.00
1020|10415.18|10415.18|1020.00|104151.80|104151.80|1020.00|1020.00
1021|10435.60|10435.60|1021.00|104356.00|104356.00|1021.00|1021.00
1022|10456.04|10456.04|1022.00|104560.40|104560.40|1022.00|1022.00
1023|10476.50|10476.50|1023.00|104765.00|104765.00|1023.00|1023.00
1024|10496.98|10496.98|1024.00|104969.80|104969.80|1024.00|1024.00
1025|10517.48|10517.48|1025.00|105174.80|105174.80|1025.00|1025.00
1026|10538.00|10538.00|1026.00|105380.00|105380.00|1026.00|1026.00
1027|10558.54|10558.54|1027.00|105585.40|105585.40|1027.00|1027.00
1028|10579.10|10579.10|1028.00|105791.00|105791.00|1028.00|1028.00
1029|10599.68|10599.68|1029.00|105996.80|105996.80|1029.00|1029.00
1030|10620.28|10620.28|1030.00|106202.80|106202.80|1030.00|1030.00
1031|10640.90|10640.90|1031.00|106409.00|106409.00|1031.00|1031.00
1032|10661.54|10661.54|1032.00|106615.40|106615.40|1032.00|1032.00
1033|10682.20|10682.20|1033.00|106822.00|106822.00|1033.00|1033.00
1034|10702.88|10702.88|1034.00|107028.80|107028.80|1034.00|1034.00
1035|10723.58|10723.58|1035.00|107235.80|107235.80|1035.00|1035.00
1036|10744.30|10744.30|1036.00|107443.00|107443.00|1036.00|1036.00
1037|10765.04|10765.04|1037.00|107650.40|107650.40|1037.00|1037.00
1038|10785.80|10785.80|1038.00|107858.00|107858.00|1038.00|1038.00
1039|10806.58|10806.58|1039.00|108065.80|108065.80|1039.00|1039.00
1040|10827.38|10827.38|1040.00|108273.80|108273.80|1040.00|1040.00
1041|10848.20|10848.20|1041.00|108482.00|108482.00|1041.00|1041.00
1042|10869.04|10869.04|1042.00|108690.40|108690.40|1042.00|1042.00
1043|10889.90|10889.90|1043.00|108899.00|108899.00|1043.00|1043.00
1044|10910.78|10910.78|1044.00|109107.80|109107.80|1044.00|1044.00
1045|10931.68|10931.68|1045.00|109316.80|109316.80|1045.00|1045.00
1046|10952.60|10952.60|1046.00|109526.00|109526.00|1046.00|1046.00
1047|10973.54|10973.54|1047.00|109735.40|109735.40|1047.00|1047.00
1048|10994.50|10994.50|1048.00|109945.00|109945.00|1048.00|1048.00
1049|11015.48|11015.48|1049.00|110154.80|110154.80|1049.00|1049.00
1050|11036.48|11036.48|1050.00|110364.80|110364.80|1050.00|1050.00
1051|11057.50|11057.50|1051.00|110575.00|110575.00|1051.00|1051.00
1052|11078.54|11078.54|1052.00|110785.40|110785.40|1052.00|1052.00
1053|11099.60|11099.60|1053.00|110996.00|110996.00|1053.00|1053.00
1054|11120.68|11120.68|1054.00|111206.80|111206.80|1054.00|1054.00
1055|11141.78|11141.78|1055.00|111417.80|111417.80|1055.00|1055.00
1056|11162.90|11162.90|1056.00|111629.00|111629.00|1056.00|1056.00
1057|11184.04|11184.04|1057.00|111840.40|111840.40|1057.00|1057.00
1058|11205.20|11205.20|1058.00|112052.00|112052.00|1058.00|1058.00
1059|11226.38|11226.38|1059.00|112263.80|112263.80|1059.00|1059.00
1060|11247.58|11247.58|1060.00|112475.80|112475.80|1060.00|1060.00
1061|11268.80|11268.80|1061.00|112688.00|112688.00|1061.00|1061.00
1062|11290.04|11290.04|1062.00|112900.40|112900.40|1062.00|1062.00
1063|11311.30|11311.30|1063.00|113113.00|113113.00|1063.00|1063.00
1064|11332.58|11332.58|1064.00|113325.80|113325.80|1064.00|1064.00
1065|11353.88|11353.88|1065.00|113538.80|113538.80|1065.00|1065.00
1066|11375.20|11375.20|1066.00|113752.00|113752.00|1066.00|1066.00
1067|11396.54|11396.54|1067.00|113965.40|113965.40|1067.00|1067.00
1068|11417.90|11417.90|1068.00|114179.00|114179.00|1068.00|1068.00
1069|11439.28|11439.28|1069.00|114392.80|114392.80|1069.00|1069.00
1070|11460.68|11460.68|1070.00|114606.80|114606.80|1070.00|1070.00
1071|11482.10|11482.10|1071.00|114821.00|114821.00|1071.00|1071.00
1072|11503.54|11503.54|1072.00|115035.40|115035.40|1072.00|1072.00
1073|11525.00|11525.00|1073.00|115250.00|115250.00|1073.00|1073.00
1074|11546.48|11546.48|1074.00|115464.80|115464.80|1074.00|1074.00
1075|11567.98|11567.98|1075.00|115679.80|115679.80|1075.00|1075.00
1076|11589.50|11589.50|1076.00|115895.00|115895.00|1076.00|1076.00
1077|11611.04|11611.04|1077.00|116110.40|116110.40|1077.00|1077.00
1078|11632.60|11632.60|1078.00|116326.00|116326.00|1078.00|1078.00
1079|11654.18|11654.18|1079.00|116541.80|116541.80|1079.00|1079.00
1080|11675.78|11675.78|1080.00|116757.80|116757.80|1080.00|1080.00
1081|11697.40|11697.40|1081.00|116974.00|116974.00|1081.00|1081.00
1082|11719.04|11719.04|1082.00|117190.40|117190.40|1082.00|1082.00
1083|11740.70|11740.70|1083.00|117407.00|117407.00|1083.00|1083.00
1084|11762.38|11762.38|1084.00|117623.80|117623.80|1084.00|1084.00
1085|11784.08|11784.08|1085.00|117840.80|117840.80|1085.00|1085.00
1086|11805.80|11805.80|1086.00|118058.00|118058.00|1086.00|1086.00
1087|11827.54|11827.54|1087.00|118275.40|118275.40|1087.00|1087.00
1088|11849.30|11849.30|1088.00|118493.00|118493.00|1088.00|1088.00
1089|11871.08|11871.08|1089.00|118710.80|118710.80|1089.00|1089.00
1090|11892.88|11892.88|1090.00|118928.80|118928.80|1090.00|1090.00
1091|11914.70|11914.70|1091.00|119147.00|119147.00|1091.00|1091.00
1092|11936.54|11936.54|1092.00|119365.40|119365.40|1092.00|1092.00
1093|11958.40|11958.40|1093.00|119584.00|119584.00|1093.00|1093.00
1094|11980.28|11980.28|1094.00|119802.80|119802.80|1094.00|1094.00
1095|12002.18|12002.18|1095.00|120021.80|120021.80|1095.00|1095.00
1096|12024.10|12024.10|1096.00|120241.00|120241.00|1096.00|1096.00
1097|12046.04|12046.04|1097.00|120460.40|120460.40|1097.00|1097.00
1098|12068.00|12068.00|1098.00|120680.00|120680.00|1098.00|1098.00
1099|12089.98|12089.98|1099.00|120899.80|120899.80|1099.00|1099.00
1100|12111.98|12111.98|1100.00|121119.80|121119.80|1100.00|1100.00
1101|12134.00|12134.00|1101.00|121340.00|121340.00|1101.00|1101.00
1102|12156.04|12156.04|1102.00|121560.40|121560.40|1102.00|1102.00
1103|12178.10|12178.10|1103.00|121781.00|121781.00|1103.00|1103.00
1104|12200.18|12200.18|1104.00|122001.80|122001.80|1104.00|1104.00
1105|12222.28|12222.28|1105.00|122222.80|122222.80|1105.00|1105.00
1106|12244.40|12244.40|1106.00|122444.00|122444.00|1106.00|1106.00
1107|12266.54|12266.54|1107.00|122665.40|122665.40|1107.00|1107.00
1108|12288.70|12288.70|1108.00|122887.00|122887.00|1108.00|1108.00
1109|12310.88|12310.88|1109.00|123108.80|123108.80|1109.00|1109.00
1110|12333.08|12333.08|1110.00|123330.80|123330.80|1110.00|1110.00
1111|12355.30|12355.30|1111.00|123553.00|123553.00|1111.00|1111.00
1112|12377.54|12377.54|1112.00|123775.40|123775.40|1112.00|1112.00
1113|12399.80|12399.80|1113.00|123998.00|123998.00|1113.00|1113.00
1114|12422.08|12422.08|1114.00|124220.80|124220.80|1114.00|1114.00
1115|12444.38|12444.38|1115.00|124443.80|124443.80|1115.00|1115.00
1116|12466.70|12466.70|1116.00|124667.00|124667.00|1116.00|1116.00
1117|12489.04|12489.04|1117.00|124890.40|124890.40|1117.00|1117.00
1118|12511.40|12511.40|1118.00|125114.00|125114.00|1118.00|1118.00
1119|12533.78|12533.78|1119.00|125337.80|125337.80|1119.00|1119.00
1120|12556.18|12556.18|1120.00|125561.80|125561.80|1120.00|1120.00
1121|12578.60|12578.60|1121.00|125786.00|125786.00|1121.00|1121.00
1122|12601.04|12601.04|1122.00|126010.40|126010.40|1122.00|1122.00
1123|12623.50|12623.50|1123.00|126235.00|126235.00|1123.00|1123.00
1124|12645.98|12645.98|1124.00|126459.80|126459.80|1124.00|1124.00
1125|12668.48|12668.48|1125.00|126684.80|126684.80|1125.00|1125.00
1126|12691.00|12691.00|1126.00|126910.00|126910.00|1126.00|1126.00
1127|12713.54|12713.54|1127.00|127135.40|127135.40|1127.00|1127.00
1128|12736.10|12736.10|1128.00|127361.00|127361.00|1128.00|1128.00
1129|12758.68|12758.68|1129.00|127586.80|127586.80|1129.00|1129.00
1130|12781.28|12781.28|1130.00|127812.80|127812.80|1130.00|1130.00
1131|12803.90|12803.90|1131.00|128039.00|128039.00|1131.00|1131.00
1132|12826.54|12826.54|1132.00|128265.40|128265.40|1132.00|1132.00
1133|12849.20|12849.20|1133.00|128492.00|128492.00|1133.00|1133.00
1134|12871.88|12871.88|1134.00|128718.80|128718.80|1134.00|1134.00
1135|12894.58|12894.58|1135.00|128945.80|128945.80|1135.00|1135.00
1136|12917.30|12917.30|1136.00|129173.00|129173.00|1136.00|1136.00
1137|12940.04|12940.04|1137.00|129400.40|129400.40|1137.00|1137.00
1138|12962.80|12962.80|1138.00|129628.00|129628.00|1138.00|1138.00
1139|12985.58|12985.58|1139.00|129855.80|129855.80|1139.00|1139.00
1140|13008.38|13008.38|1140.00|130083.80|130083.80|1140.00|1140.00
1141|13031.20|13031.20|1141.00|130312.00|130312.00|1141.00|1141.00
1142|13054.04|13054.04|1142.00|130540.40|130540.40|1142.00|1142.00
1143|13076.90|13076.90|1143.00|130769.00|130769.00|1143.00|1143.00
1144|13099.78|13099.78|1144.00|130997.80|130997.80|1144.00|1144.00
1145|13122.68|13122.68|1145.00|131226.80|131226.80|1145.00|1145.00
1146|13145.60|13145.60|1146.00|131456.00|131456.00|1146.00|1146.00
1147|13168.54|13168.54|1147.00|131685.40|131685.40|1147.00|1147.00
1148|13191.50|13191.50|1148.00|131915.00|131915.00|1148.00|1148.00
1149|13214.48|13214.48|1149.00|132144.80|132144.80|1149.00|1149.00
1150|13237.48|13237.48|1150.00|132374.80|132374.80|1150.00|1150.00
1151|13260.50|13260.50|1151.00|132605.00|132605.00|1151.00|1151.00
1152|13283.54|13283.54|1152.00|132835.40|132835.40|1152.00|1152.00
1153|13306.60|13306.60|1153.00|133066.00|133066.00|1153.00|1153.00
1154|13329.68|13329.68|1154.00|133296.80|133296.80|1154.00|1154.00
1155|13352.78|13352.78|1155.00|133527.80|133527.80|1155.00|1155.00
1156|13375.90|13375.90|1156.00|133759.00|133759.00|1156.00|1156.00
1157|13399.04|13399.04|1157.00|133990.40|133990.40|1157.00|1157.00
1158|13422.20|13422.20|1158.00|134222.00|134222.00|1158.00|1158.00
1159|13445.38|13445.38|1159.00|134453.80|134453.80|1159.00|1159.00
1160|13468.58|13468.58|1160.00|134685.80|134685.80|1160.00|1160.00
1161|13491.80|13491.80|1161.00|134918.00|134918.00|1161.00|1161.00
1162|13515.04|13515.04|1162.00|135150.40|135150.40|1162.00|1162.00
1163|13538.30|13538.30|1163.00|135383.00|135383.00|1163.00|1163.00
1164|13561.58|13561.58|1164.00|135615.80|135615.80|1164.00|1164.00
1165|13584.88|13584.88|1165.00|135848.80|135848.80|1165.00|1165.00
1166|13608.20|13608.20|1166.00|136082.00|136082.00|1166.00|1166.00
1167|13631.54|13631.54|1167.00|136315.40|136315.40|1167.00|1167.00
1168|13654.90|13654.90|1168.00|136549.00|136549.00|1168.00|1168.00
1169|13678.28|13678.28|1169.00|136782.80|136782.80|1169.00|1169.00
1170|13701.68|13701.68|1170.00|137016.80|137016.80|1170.00|1170.00
1171|13725.10|13725.10|1171.00|137251.00|137251.00|1171.00|1171.00
1172|13748.54|13748.54|1172.00|137485.40|137485.40|1172.00|1172.00
1173|13772.00|13772.00|1173.00|137720.00|137720.00|1173.00|1173.00
1174|13795.48|13795.48|1174.00|137954.80|137954.80|1174.00|1174.00
1175|13818.98|13818.98|1175.00|138189.80|138189.80|1175.00|1175.00
1176|13842.50|13842.50|1176.00|138425.00|138425.00|1176.00|1176.00
1177|13866.04|13866.04|1177.00|138660.40|138660.40|1177.00|1177.00
1178|13889.60|13889.60|1178.00|138896.00|138896.00|1178.00|1178.00
1179|13913.18|13913.18|1179.00|139131.80|139131.80|1179.00|1179.00
1180|13936.78|13936.78|1180.00|139367.80|139367.80|1180.00|1180.00
1181|13960.40|13960.40|1181.00|139604.00|139604.00|1181.00|1181.00
1182|13984.04|13984.04|1182.00|139840.40|139840.40|1182.00|1182.00
1183|14007.70|14007.70|1183.00|140077.00|140077.00|1183.00|1183.00
1184|14031.38|14031.38|1184.00|140313.80|140313.80|1184.00|1184.00
1185|14055.08|14055.08|1185.00|140550.80|140550.80|1185.00|1185.00
1186|14078.80|14078.80|1186.00|140788.00|140788.00|1186.00|1186.00
1187|14102.54|14102.54|1187.00|141025.40|141025.40|1187.00|1187.00
1188|14126.30|14126.30|1188.00|141263.00|141263.00|1188.00|1188.00
1189|14150.08|14150.08|1189.00|141500.80|141500.80|1189.00|1189.00
1190|14173.88|14173.88|1190.00|141738.80|141738.80|1190.00|1190.00
1191|14197.70|14197.70|1191.00|141977.00|141977.00|1191.00|1191.00
1192|14221.54|14221.54|1192.00|142215.40|142215.40|1192.00|1192.00
1193|14245.40|14245.40|1193.00|142454.00|142454.00|1193.00|1193.00
1194|14269.28|14269.28|1194.00|142692.80|142692.80|1194.00|1194.00
1195|14293.18|14293.18|1195.00|142931.80|142931.80|1195.00|1195.00
1196|14317.10|14317.10|1196.00|143171.00|143171.00|1196.00|1196.00
1197|14341.04|14341.04|1197.00|143410.40|143410.40|1197.00|1197.00
1198|14365.00|14365.00|1198.00|143650.00|143650.00|1198.00|1198.00
1199|14388.98|14388.98|1199.00|143889.80|143889.80|1199.00|1199.00
1200|14412.98|14412.98|1200.00|144129.80|144129.80|1200.00|1200.00