 Stage|계산용|계산용|계산용|Offline_Gold|Offline_Spirit|Offline_Exp|Offline_Spiritstone|Offline_Equipment_Summon_Ticket|Offline_Hero_Summon_Ticket
1|0.5|0.75|6.90|14.79|9.76|8.50|0|0|0
2|0.54|0.81|7.45|15.97|10.54|17.00|0|0|0.2
3|0.60|0.90|8.28|17.74|11.71|25.50|0|0|0.2
4|0.68|1.02|9.38|20.11|13.27|34.00|0|0|0.2
5|0.78|1.17|10.76|23.07|15.22|42.50|0|0|0.2
6|0.90|1.35|12.42|26.61|17.57|51.00|0|0|0.2
7|1.04|1.56|14.35|30.75|20.30|59.50|0|0|0.2
8|1.20|1.80|16.56|35.49|23.42|68.00|0|0|0.2
9|1.38|2.07|19.04|40.81|26.93|76.50|0|0|0.2
10|1.58|2.37|21.80|46.72|30.84|85.00|0|0|0.2
11|1.80|2.70|24.84|53.23|35.13|93.50|0|0|0.2
12|2.04|3.06|28.15|60.33|39.81|102.00|0|0|0.2
13|2.30|3.45|31.74|68.01|44.89|110.50|0|0|0.2
14|2.58|3.87|35.60|76.29|50.35|119.00|0|0|0.2
15|2.88|4.32|39.74|85.17|56.21|127.50|0|0|0.2
16|3.20|4.80|44.16|94.63|62.45|136.00|0|0|0.2
17|3.54|5.31|48.85|104.68|69.09|144.50|0|0|0.2
18|3.90|5.85|53.82|115.33|76.12|153.00|0|0|0.2
19|4.28|6.42|59.06|126.57|83.53|161.50|0|0|0.2
20|4.68|7.02|64.58|138.39|91.34|170.00|0|0|0.2
21|5.10|7.65|70.38|150.81|99.54|178.50|0|0|0.2
22|5.54|8.31|76.45|163.83|108.12|187.00|0|0|0.2
23|6.00|9.00|82.80|177.43|117.10|195.50|0|0|0.2
24|6.48|9.72|89.42|191.62|126.47|204.00|0|0|0.2
25|6.98|10.47|96.32|206.41|136.23|212.50|0|0|0.2
26|7.50|11.25|103.50|221.79|146.38|221.00|0|0|0.2
27|8.04|12.06|110.95|237.75|156.92|229.50|0|0|0.2
28|8.60|12.90|118.68|254.31|167.85|238.00|0|0|0.2
29|9.18|13.77|126.68|271.47|179.17|246.50|0|0|0.2
30|9.78|14.67|134.96|289.21|190.88|255.00|0|0|0.2
31|10.40|15.60|143.52|307.54|202.98|263.50|0|0|0.2
32|11.04|16.56|152.35|326.47|215.47|272.00|0|0|0.2
33|11.70|17.55|161.46|345.99|228.35|280.50|0|0|0.2
34|12.38|18.57|170.84|366.09|241.62|289.00|0|0|0.2
35|13.08|19.62|180.50|386.79|255.28|297.50|0|0|0.2
36|13.80|20.70|190.44|408.09|269.34|306.00|0|0|0.2
37|14.54|21.81|200.65|429.97|283.78|314.50|0|0|0.2
38|15.30|22.95|211.14|452.44|298.61|323.00|0|0|0.2
39|16.08|24.12|221.90|475.51|313.84|331.50|0|0|0.2
40|16.88|25.32|232.94|499.17|329.45|340.00|0|0|0.2
41|17.70|26.55|244.26|523.41|345.45|348.50|0|0|0.2
42|18.54|27.81|255.85|548.25|361.85|357.00|0|0|0.2
43|19.40|29.10|267.72|573.69|378.63|365.50|0|0|0.2
44|20.28|30.42|279.86|599.71|395.81|374.00|0|0|0.2
45|21.18|31.77|292.28|626.32|413.37|382.50|0|0|0.2
46|22.10|33.15|304.98|653.53|431.33|391.00|0|0|0.2
47|23.04|34.56|317.95|681.33|449.67|399.50|0|0|0.2
48|24.00|36.00|331.20|709.71|468.41|408.00|0|0|0.2
49|24.98|37.47|344.72|738.69|487.54|416.50|0|0|0.2
50|25.98|38.97|358.52|768.27|507.06|425.00|0|0|0.2
51|27.00|40.50|372.60|798.43|526.96|433.50|0|0|0.2
52|28.04|42.06|386.95|829.18|547.26|442.00|0|0|0.2
53|29.10|43.65|401.58|860.53|567.95|450.50|0|0|0.2
54|30.18|45.27|416.48|892.47|589.03|459.00|0|0|0.2
55|31.28|46.92|431.66|924.99|610.50|467.50|0|0|0.2
56|32.40|48.60|447.12|958.11|632.36|476.00|0|0|0.2
57|33.54|50.31|462.85|991.83|654.60|484.50|0|0|0.2
58|34.70|52.05|478.86|1026.13|677.24|493.00|0|0|0.2
59|35.88|53.82|495.14|1061.02|700.28|501.50|0|0|0.2
60|37.08|55.62|511.70|1096.51|723.70|510.00|0|0|0.2
61|38.30|57.45|528.54|1132.59|747.51|518.50|0|0|0.2
62|39.54|59.31|545.65|1169.25|771.71|527.00|0|0|0.2
63|40.80|61.20|563.04|1206.51|796.30|535.50|0|0|0.2
64|42.08|63.12|580.70|1244.37|821.28|544.00|0|0|0.2
65|43.38|65.07|598.64|1282.81|846.65|552.50|0|0|0.2
66|44.70|67.05|616.86|1321.84|872.42|561.00|0|0|0.2
67|46.04|69.06|635.35|1361.47|898.57|569.50|0|0|0.2
68|47.40|71.10|654.12|1401.69|925.11|578.00|0|0|0.2
69|48.78|73.17|673.16|1442.49|952.05|586.50|0|0|0.2
70|50.18|75.27|692.48|1483.89|979.37|595.00|0|0|0.2
71|51.60|77.40|712.08|1525.89|1007.08|603.50|0|0|0.2
72|53.04|79.56|731.95|1568.47|1035.19|612.00|0|0|0.2
73|54.50|81.75|752.10|1611.64|1063.68|620.50|0|0|0.2
74|55.98|83.97|772.52|1655.41|1092.57|629.00|0|0|0.2
75|57.48|86.22|793.22|1699.77|1121.85|637.50|0|0|0.2
76|59.00|88.50|814.20|1744.71|1151.51|646.00|0|0|0.2
77|60.54|90.81|835.45|1790.25|1181.57|654.50|0|0|0.2
78|62.10|93.15|856.98|1836.39|1212.01|663.00|0|0|0.2
79|63.68|95.52|878.78|1883.11|1242.85|671.50|0|0|0.2
80|65.28|97.92|900.86|1930.42|1274.08|680.00|0|0|0.2
81|66.90|100.35|923.22|1978.33|1305.70|688.50|0|0|0.2
82|68.54|102.81|945.85|2026.83|1337.70|697.00|0|0|0.2
83|70.20|105.30|968.76|2075.91|1370.10|705.50|0|0|0.2
84|71.88|107.82|991.94|2125.59|1402.89|714.00|0|0|0.2
85|73.58|110.37|1015.40|2175.87|1436.07|722.50|0|0|0.2
86|75.30|112.95|1039.14|2226.73|1469.64|731.00|0|0|0.2
87|77.04|115.56|1063.15|2278.18|1503.60|739.50|0|0|0.2
88|78.80|118.20|1087.44|2330.23|1537.95|748.00|0|0|0.2
89|80.58|120.87|1112.00|2382.87|1572.69|756.50|0|0|0.2
90|82.38|123.57|1136.84|2436.09|1607.82|765.00|0|0|0.2
91|84.20|126.30|1161.96|2489.91|1643.34|773.50|0|0|0.2
92|86.04|129.06|1187.35|2544.33|1679.25|782.00|0|0|0.2
93|87.90|131.85|1213.02|2599.33|1715.56|790.50|0|0|0.2
94|89.78|134.67|1238.96|2654.92|1752.25|799.00|0|0|0.2
95|91.68|137.52|1265.18|2711.11|1789.33|807.50|0|0|0.2
96|93.60|140.40|1291.68|2767.89|1826.80|816.00|0|0|0.2
97|95.54|143.31|1318.45|2825.25|1864.67|824.50|0|0|0.2
98|97.50|146.25|1345.50|2883.21|1902.92|833.00|0|0|0.2
99|99.48|149.22|1372.82|2941.77|1941.57|841.50|0|0|0.2
100|101.48|152.22|1400.42|3000.91|1980.60|850.00|0|0|0.2
101|103.50|155.25|1428.30|3060.64|2020.02|858.50|10|0|0.2
102|105.54|158.31|1456.45|3120.97|2059.84|867.00|10|0|0.2
103|107.60|161.40|1484.88|3181.89|2100.04|875.50|20|0|0.2
104|109.68|164.52|1513.58|3243.39|2140.64|884.00|20|0|0.2
105|111.78|167.67|1542.56|3305.49|2181.63|892.50|20|0|0.2
106|113.90|170.85|1571.82|3368.19|2223.00|901.00|20|0|0.2
107|116.04|174.06|1601.35|3431.47|2264.77|909.50|20|0|0.2
108|118.20|177.30|1631.16|3495.34|2306.93|918.00|20|0|0.2
109|120.38|180.57|1661.24|3559.81|2349.47|926.50|20|0|0.2
110|122.58|183.87|1691.60|3624.87|2392.41|935.00|20|0|0.2
111|124.80|187.20|1722.24|3690.51|2435.74|943.50|20|0|0.2
112|127.04|190.56|1753.15|3756.75|2479.46|952.00|20|0|0.2
113|129.30|193.95|1784.34|3823.59|2523.57|960.50|20|0|0.2
114|131.58|197.37|1815.80|3891.01|2568.07|969.00|20|0|0.2
115|133.88|200.82|1847.54|3959.02|2612.96|977.50|20|0|0.2
116|136.20|204.30|1879.56|4027.63|2658.23|986.00|20|0|0.2
117|138.54|207.81|1911.85|4096.83|2703.90|994.50|20|0|0.2
118|140.90|211.35|1944.42|4166.61|2749.97|1003.00|20|0|0.2
119|143.28|214.92|1977.26|4236.99|2796.42|1011.50|20|0|0.2
120|145.68|218.52|2010.38|4307.97|2843.26|1020.00|20|0|0.2
121|148.10|222.15|2043.78|4379.53|2890.49|1028.50|20|0|0.2
122|150.54|225.81|2077.45|4451.68|2938.11|1037.00|20|0|0.2
123|153.00|229.50|2111.40|4524.43|2986.12|1045.50|20|0|0.2
124|155.48|233.22|2145.62|4597.77|3034.53|1054.00|20|0|0.2
125|157.98|236.97|2180.12|4671.69|3083.32|1062.50|20|0|0.2
126|160.50|240.75|2214.90|4746.21|3132.50|1071.00|20|0|0.2
127|163.04|244.56|2249.95|4821.33|3182.07|1079.50|20|0|0.2
128|165.60|248.40|2285.28|4897.03|3232.04|1088.00|20|0|0.2
129|168.18|252.27|2320.88|4973.32|3282.39|1096.50|20|0|0.2
130|170.78|256.17|2356.76|5050.21|3333.14|1105.00|20|0|0.2
131|173.40|260.10|2392.92|5127.69|3384.27|1113.50|20|0|0.2
132|176.04|264.06|2429.35|5205.75|3435.80|1122.00|20|0|0.2
133|178.70|268.05|2466.06|5284.41|3487.71|1130.50|20|0|0.2
134|181.38|272.07|2503.04|5363.67|3540.02|1139.00|20|0|0.2
135|184.08|276.12|2540.30|5443.51|3592.72|1147.50|20|0|0.2
136|186.80|280.20|2577.84|5523.94|3645.80|1156.00|20|0|0.2
137|189.54|284.31|2615.65|5604.97|3699.28|1164.50|20|0|0.2
138|192.30|288.45|2653.74|5686.59|3753.15|1173.00|20|0|0.2
139|195.08|292.62|2692.10|5768.79|3807.40|1181.50|20|0|0.2
140|197.88|296.82|2730.74|5851.59|3862.05|1190.00|20|0|0.2
141|200.70|301.05|2769.66|5934.99|3917.09|1198.50|20|0|0.2
142|203.54|305.31|2808.85|6018.97|3972.52|1207.00|20|0|0.2
143|206.40|309.60|2848.32|6103.54|4028.34|1215.50|20|0|0.2
144|209.28|313.92|2888.06|6188.71|4084.55|1224.00|20|0|0.2
145|212.18|318.27|2928.08|6274.47|4141.15|1232.50|20|0|0.2
146|215.10|322.65|2968.38|6360.81|4198.14|1241.00|20|0|0.2
147|218.04|327.06|3008.95|6447.75|4255.52|1249.50|20|0|0.2
148|221.00|331.50|3049.80|6535.29|4313.29|1258.00|20|0|0.2
149|223.98|335.97|3090.92|6623.41|4371.45|1266.50|20|0|0.2
150|226.98|340.47|3132.32|6712.12|4430.00|1275.00|20|0|0.2
151|230.00|345.00|3174.00|6801.43|4488.94|1283.50|20|0|0.2
152|233.04|349.56|3215.95|6891.33|4548.27|1292.00|20|0|0.2
153|236.10|354.15|3258.18|6981.81|4608.00|1300.50|20|0|0.2
154|239.18|358.77|3300.68|7072.89|4668.11|1309.00|20|0|0.2
155|242.28|363.42|3343.46|7164.57|4728.61|1317.50|20|0|0.2
156|245.40|368.10|3386.52|7256.83|4789.51|1326.00|20|0|0.2
157|248.54|372.81|3429.85|7349.68|4850.79|1334.50|20|0|0.2
158|251.70|377.55|3473.46|7443.13|4912.46|1343.00|20|0|0.2
159|254.88|382.32|3517.34|7537.17|4974.53|1351.50|20|0|0.2
160|258.08|387.12|3561.50|7631.79|5036.98|1360.00|20|0|0.2
161|261.30|391.95|3605.94|7727.01|5099.83|1368.50|20|0|0.2
162|264.54|396.81|3650.65|7822.83|5163.06|1377.00|20|0|0.2
163|267.80|401.70|3695.64|7919.23|5226.69|1385.50|20|0|0.2
164|271.08|406.62|3740.90|8016.22|5290.71|1394.00|20|0|0.2
165|274.38|411.57|3786.44|8113.81|5355.11|1402.50|20|0|0.2
166|277.70|416.55|3832.26|8211.99|5419.91|1411.00|20|0|0.2
167|281.04|421.56|3878.35|8310.75|5485.10|1419.50|20|0|0.2
168|284.40|426.60|3924.72|8410.11|5550.68|1428.00|20|0|0.2
169|287.78|431.67|3971.36|8510.07|5616.64|1436.50|20|0|0.2
170|291.18|436.77|4018.28|8610.61|5683.00|1445.00|20|0|0.2
171|294.60|441.90|4065.48|8711.74|5749.75|1453.50|20|0|0.2
172|298.04|447.06|4112.95|8813.47|5816.89|1462.00|20|0|0.2
173|301.50|452.25|4160.70|8915.79|5884.42|1470.50|20|0|0.2
174|304.98|457.47|4208.72|9018.69|5952.34|1479.00|20|0|0.2
175|308.48|462.72|4257.02|9122.19|6020.65|1487.50|20|0|0.2
176|312.00|468.00|4305.60|9226.29|6089.35|1496.00|20|0|0.2
177|315.54|473.31|4354.45|9330.97|6158.44|1504.50|20|0|0.2
178|319.10|478.65|4403.58|9436.24|6227.92|1513.00|20|0|0.2
179|322.68|484.02|4452.98|9542.11|6297.79|1521.50|20|0|0.2
180|326.28|489.42|4502.66|9648.57|6368.05|1530.00|20|0|0.2
181|329.90|494.85|4552.62|9755.61|6438.71|1538.50|20|0.2|0.2
182|333.54|500.31|4602.85|9863.25|6509.75|1547.00|20|0.2|0.2
183|337.20|505.80|4653.36|9971.49|6581.18|1555.50|20|0.2|0.2
184|340.88|511.32|4704.14|10080.31|6653.00|1564.00|20|0.2|0.2
185|344.58|516.87|4755.20|10189.72|6725.22|1572.50|20|0.2|0.2
186|348.30|522.45|4806.54|10299.73|6797.82|1581.00|20|0.2|0.2
187|352.04|528.06|4858.15|10410.33|6870.81|1589.50|20|0.2|0.2
188|355.80|533.70|4910.04|10521.51|6944.20|1598.00|20|0.2|0.2
189|359.58|539.37|4962.20|10633.29|7017.97|1606.50|20|0.2|0.2
190|363.38|545.07|5014.64|10745.67|7092.14|1615.00|20|0.2|0.2
191|367.20|550.80|5067.36|10858.63|7166.69|1623.50|20|0.2|0.2
192|371.04|556.56|5120.35|10972.18|7241.64|1632.00|20|0.2|0.2
193|374.90|562.35|5173.62|11086.33|7316.98|1640.50|20|0.2|0.2
194|378.78|568.17|5227.16|11201.07|7392.70|1649.00|20|0.2|0.2
195|382.68|574.02|5280.98|11316.39|7468.82|1657.50|20|0.2|0.2
196|386.60|579.90|5335.08|11432.31|7545.33|1666.00|20|0.2|0.2
197|390.54|585.81|5389.45|11548.83|7622.22|1674.50|20|0.2|0.2
198|394.50|591.75|5444.10|11665.93|7699.51|1683.00|20|0.2|0.2
199|398.48|597.72|5499.02|11783.62|7777.19|1691.50|20|0.2|0.2
200|402.48|603.72|5554.22|11901.91|7855.26|1700.00|20|0.2|0.2
201|406.50|609.75|5609.70|12020.79|7933.72|1708.50|20|0.2|0.2
202|410.54|615.81|5665.45|12140.25|8012.57|1717.00|20|0.2|0.2
203|414.60|621.90|5721.48|12260.31|8091.81|1725.50|30|0.2|0.2
204|418.68|628.02|5777.78|12380.97|8171.44|1734.00|30|0.2|0.2
205|422.78|634.17|5834.36|12502.21|8251.46|1742.50|30|0.2|0.2
206|426.90|640.35|5891.22|12624.04|8331.87|1751.00|30|0.2|0.2
207|431.04|646.56|5948.35|12746.47|8412.67|1759.50|30|0.2|0.2
208|435.20|652.80|6005.76|12869.49|8493.86|1768.00|30|0.2|0.2
209|439.38|659.07|6063.44|12993.09|8575.44|1776.50|30|0.2|0.2
210|443.58|665.37|6121.40|13117.29|8657.41|1785.00|30|0.2|0.2
211|447.80|671.70|6179.64|13242.09|8739.78|1793.50|30|0.2|0.2
212|452.04|678.06|6238.15|13367.47|8822.53|1802.00|30|0.2|0.2
213|456.30|684.45|6296.94|13493.44|8905.67|1810.50|30|0.2|0.2
214|460.58|690.87|6356.00|13620.01|8989.21|1819.00|30|0.2|0.2
215|464.88|697.32|6415.34|13747.17|9073.13|1827.50|30|0.2|0.2
216|469.20|703.80|6474.96|13874.91|9157.44|1836.00|30|0.2|0.2
217|473.54|710.31|6534.85|14003.25|9242.15|1844.50|30|0.2|0.2
218|477.90|716.85|6595.02|14132.19|9327.24|1853.00|30|0.2|0.2
219|482.28|723.42|6655.46|14261.71|9412.73|1861.50|30|0.2|0.2
220|486.68|730.02|6716.18|14391.82|9498.60|1870.00|30|0.2|0.2
221|491.10|736.65|6777.18|14522.53|9584.87|1878.50|30|0.2|0.2
222|495.54|743.31|6838.45|14653.83|9671.52|1887.00|30|0.2|0.2
223|500.00|750.00|6900.00|14785.71|9758.57|1895.50|30|0.2|0.2
224|504.48|756.72|6961.82|14918.19|9846.01|1904.00|30|0.2|0.2
225|508.98|763.47|7023.92|15051.27|9933.84|1912.50|30|0.2|0.2
226|513.50|770.25|7086.30|15184.93|10022.05|1921.00|30|0.2|0.2
227|518.04|777.06|7148.95|15319.18|10110.66|1929.50|30|0.2|0.2
228|522.60|783.90|7211.88|15454.03|10199.66|1938.00|30|0.2|0.2
229|527.18|790.77|7275.08|15589.47|10289.05|1946.50|30|0.2|0.2
230|531.78|797.67|7338.56|15725.49|10378.83|1955.00|30|0.2|0.2
231|536.40|804.60|7402.32|15862.11|10469.00|1963.50|30|0.2|0.2
232|541.04|811.56|7466.35|15999.33|10559.55|1972.00|30|0.2|0.2
233|545.70|818.55|7530.66|16137.13|10650.50|1980.50|30|0.2|0.2
234|550.38|825.57|7595.24|16275.52|10741.85|1989.00|30|0.2|0.2
235|555.08|832.62|7660.10|16414.51|10833.58|1997.50|30|0.2|0.2
236|559.80|839.70|7725.24|16554.09|10925.70|2006.00|30|0.2|0.2
237|564.54|846.81|7790.65|16694.25|11018.21|2014.50|30|0.2|0.2
238|569.30|853.95|7856.34|16835.01|11111.11|2023.00|30|0.2|0.2
239|574.08|861.12|7922.30|16976.37|11204.40|2031.50|30|0.2|0.2
240|578.88|868.32|7988.54|17118.31|11298.08|2040.00|30|0.2|0.2
241|583.70|875.55|8055.06|17260.84|11392.16|2048.50|30|0.2|0.2
242|588.54|882.81|8121.85|17403.97|11486.62|2057.00|30|0.2|0.2
243|593.40|890.10|8188.92|17547.69|11581.47|2065.50|30|0.2|0.2
244|598.28|897.42|8256.26|17691.99|11676.72|2074.00|30|0.2|0.2
245|603.18|904.77|8323.88|17836.89|11772.35|2082.50|30|0.2|0.2
246|608.10|912.15|8391.78|17982.39|11868.37|2091.00|30|0.2|0.2
247|613.04|919.56|8459.95|18128.47|11964.79|2099.50|30|0.2|0.2
248|618.00|927.00|8528.40|18275.14|12061.59|2108.00|30|0.2|0.2
249|622.98|934.47|8597.12|18422.41|12158.79|2116.50|30|0.2|0.2
250|627.98|941.97|8666.12|18570.27|12256.38|2125.00|30|0.2|0.2
251|633.00|949.50|8735.40|18718.71|12354.35|2133.50|30|0.2|0.2
252|638.04|957.06|8804.95|18867.75|12452.72|2142.00|30|0.2|0.2
253|643.10|964.65|8874.78|19017.39|12551.47|2150.50|30|0.2|0.2
254|648.18|972.27|8944.88|19167.61|12650.62|2159.00|30|0.2|0.2
255|653.28|979.92|9015.26|19318.42|12750.16|2167.50|30|0.2|0.2
256|658.40|987.60|9085.92|19469.83|12850.09|2176.00|30|0.2|0.2
257|663.54|995.31|9156.85|19621.83|12950.40|2184.50|30|0.2|0.2
258|668.70|1003.05|9228.06|19774.41|13051.11|2193.00|30|0.2|0.2
259|673.88|1010.82|9299.54|19927.59|13152.21|2201.50|30|0.2|0.2
260|679.08|1018.62|9371.30|20081.37|13253.70|2210.00|30|0.2|0.2
261|684.30|1026.45|9443.34|20235.73|13355.58|2218.50|30|0.2|0.2
262|689.54|1034.31|9515.65|20390.68|13457.85|2227.00|30|0.2|0.2
263|694.80|1042.20|9588.24|20546.23|13560.51|2235.50|30|0.2|0.2
264|700.08|1050.12|9661.10|20702.37|13663.56|2244.00|30|0.2|0.2
265|705.38|1058.07|9734.24|20859.09|13767.00|2252.50|30|0.2|0.2
266|710.70|1066.05|9807.66|21016.41|13870.83|2261.00|30|0.2|0.2
267|716.04|1074.06|9881.35|21174.33|13975.05|2269.50|30|0.2|0.2
268|721.40|1082.10|9955.32|21332.83|14079.67|2278.00|30|0.2|0.2
269|726.78|1090.17|10029.56|21491.92|14184.67|2286.50|30|0.2|0.2
270|732.18|1098.27|10104.08|21651.61|14290.06|2295.00|30|0.2|0.2
271|737.60|1106.40|10178.88|21811.89|14395.84|2303.50|30|0.2|0.2
272|743.04|1114.56|10253.95|21972.75|14502.02|2312.00|30|0.2|0.2
273|748.50|1122.75|10329.30|22134.21|14608.58|2320.50|30|0.2|0.2
274|753.98|1130.97|10404.92|22296.27|14715.54|2329.00|30|0.2|0.2
275|759.48|1139.22|10480.82|22458.91|14822.88|2337.50|30|0.2|0.2
276|765.00|1147.50|10557.00|22622.14|14930.61|2346.00|30|0.2|0.2
277|770.54|1155.81|10633.45|22785.97|15038.74|2354.50|30|0.2|0.2
278|776.10|1164.15|10710.18|22950.39|15147.25|2363.00|30|0.2|0.2
279|781.68|1172.52|10787.18|23115.39|15256.16|2371.50|30|0.2|0.2
280|787.28|1180.92|10864.46|23280.99|15365.46|2380.00|30|0.2|0.2
281|792.90|1189.35|10942.02|23447.19|15475.14|2388.50|30|0.2|0.2
282|798.54|1197.81|11019.85|23613.97|15585.22|2397.00|30|0.2|0.2
283|804.20|1206.30|11097.96|23781.34|15695.69|2405.50|30|0.2|0.2
284|809.88|1214.82|11176.34|23949.31|15806.54|2414.00|30|0.2|0.2
285|815.58|1223.37|11255.00|24117.87|15917.79|2422.50|30|0.2|0.2
286|821.30|1231.95|11333.94|24287.01|16029.43|2431.00|30|0.2|0.2
287|827.04|1240.56|11413.15|24456.75|16141.46|2439.50|30|0.2|0.2
288|832.80|1249.20|11492.64|24627.09|16253.88|2448.00|30|0.2|0.2
289|838.58|1257.87|11572.40|24798.01|16366.69|2456.50|30|0.2|0.2
290|844.38|1266.57|11652.44|24969.52|16479.89|2465.00|30|0.2|0.2
291|850.20|1275.30|11732.76|25141.63|16593.47|2473.50|30|0.2|0.2
292|856.04|1284.06|11813.35|25314.33|16707.45|2482.00|30|0.2|0.2
293|861.90|1292.85|11894.22|25487.61|16821.83|2490.50|30|0.2|0.2
294|867.78|1301.67|11975.36|25661.49|16936.59|2499.00|30|0.2|0.2
295|873.68|1310.52|12056.78|25835.97|17051.74|2507.50|30|0.2|0.2
296|879.60|1319.40|12138.48|26011.03|17167.28|2516.00|30|0.2|0.2
297|885.54|1328.31|12220.45|26186.68|17283.21|2524.50|30|0.2|0.2
298|891.50|1337.25|12302.70|26362.93|17399.53|2533.00|30|0.2|0.2
299|897.48|1346.22|12385.22|26539.77|17516.25|2541.50|30|0.2|0.2
300|903.48|1355.22|12468.02|26717.19|17633.35|2550.00|30|0.2|0.2
301|909.50|1364.25|12551.10|26895.21|17750.84|2558.50|30|0.2|0.4
302|915.54|1373.31|12634.45|27073.83|17868.72|2567.00|30|0.2|0.4
303|921.60|1382.40|12718.08|27253.03|17987.00|2575.50|40|0.2|0.4
304|927.68|1391.52|12801.98|27432.82|18105.66|2584.00|40|0.2|0.4
305|933.78|1400.67|12886.16|27613.21|18224.72|2592.50|40|0.2|0.4
306|939.90|1409.85|12970.62|27794.19|18344.16|2601.00|40|0.2|0.4
307|946.04|1419.06|13055.35|27975.75|18464.00|2609.50|40|0.2|0.4
308|952.20|1428.30|13140.36|28157.91|18584.22|2618.00|40|0.2|0.4
309|958.38|1437.57|13225.64|28340.67|18704.84|2626.50|40|0.2|0.4
310|964.58|1446.87|13311.20|28524.01|18825.85|2635.00|40|0.2|0.4
311|970.80|1456.20|13397.04|28707.94|18947.24|2643.50|40|0.2|0.4
312|977.04|1465.56|13483.15|28892.47|19069.03|2652.00|40|0.2|0.4
313|983.30|1474.95|13569.54|29077.59|19191.21|2660.50|40|0.2|0.4
314|989.58|1484.37|13656.20|29263.29|19313.77|2669.00|40|0.2|0.4
315|995.88|1493.82|13743.14|29449.59|19436.73|2677.50|40|0.2|0.4
316|1002.20|1503.30|13830.36|29636.49|19560.08|2686.00|40|0.2|0.4
317|1008.54|1512.81|13917.85|29823.97|19683.82|2694.50|40|0.2|0.4
318|1014.90|1522.35|14005.62|30012.04|19807.95|2703.00|40|0.2|0.4
319|1021.28|1531.92|14093.66|30200.71|19932.47|2711.50|40|0.2|0.4
320|1027.68|1541.52|14181.98|30389.97|20057.38|2720.00|40|0.2|0.4
321|1034.10|1551.15|14270.58|30579.81|20182.68|2728.50|40|0.2|0.4
322|1040.54|1560.81|14359.45|30770.25|20308.37|2737.00|40|0.2|0.4
323|1047.00|1570.50|14448.60|30961.29|20434.45|2745.50|40|0.2|0.4
324|1053.48|1580.22|14538.02|31152.91|20560.92|2754.00|40|0.2|0.4
325|1059.98|1589.97|14627.72|31345.12|20687.78|2762.50|40|0.2|0.4
326|1066.50|1599.75|14717.70|31537.93|20815.03|2771.00|40|0.2|0.4
327|1073.04|1609.56|14807.95|31731.33|20942.67|2779.50|40|0.2|0.4
328|1079.60|1619.40|14898.48|31925.31|21070.71|2788.00|40|0.2|0.4
329|1086.18|1629.27|14989.28|32119.89|21199.13|2796.50|40|0.2|0.4
330|1092.78|1639.17|15080.36|32315.07|21327.94|2805.00|40|0.2|0.4
331|1099.40|1649.10|15171.72|32510.83|21457.15|2813.50|40|0.2|0.4
332|1106.04|1659.06|15263.35|32707.18|21586.74|2822.00|40|0.2|0.4
333|1112.70|1669.05|15355.26|32904.13|21716.72|2830.50|40|0.2|0.4
334|1119.38|1679.07|15447.44|33101.67|21847.10|2839.00|40|0.2|0.4
335|1126.08|1689.12|15539.90|33299.79|21977.86|2847.50|40|0.2|0.4
336|1132.80|1699.20|15632.64|33498.51|22109.02|2856.00|40|0.2|0.4
337|1139.54|1709.31|15725.65|33697.83|22240.56|2864.50|40|0.2|0.4
338|1146.30|1719.45|15818.94|33897.73|22372.50|2873.00|40|0.2|0.4
339|1153.08|1729.62|15912.50|34098.22|22504.83|2881.50|40|0.2|0.4
340|1159.88|1739.82|16006.34|34299.31|22637.54|2890.00|40|0.2|0.4
341|1166.70|1750.05|16100.46|34500.99|22770.65|2898.50|40|0.2|0.4
342|1173.54|1760.31|16194.85|34703.25|22904.15|2907.00|40|0.2|0.4
343|1180.40|1770.60|16289.52|34906.11|23038.04|2915.50|40|0.2|0.4
344|1187.28|1780.92|16384.46|35109.57|23172.31|2924.00|40|0.2|0.4
345|1194.18|1791.27|16479.68|35313.61|23306.98|2932.50|40|0.2|0.4
346|1201.10|1801.65|16575.18|35518.24|23442.04|2941.00|40|0.2|0.4
347|1208.04|1812.06|16670.95|35723.47|23577.49|2949.50|40|0.2|0.4
348|1215.00|1822.50|16767.00|35929.29|23713.33|2958.00|40|0.2|0.4
349|1221.98|1832.97|16863.32|36135.69|23849.56|2966.50|40|0.2|0.4
350|1228.98|1843.47|16959.92|36342.69|23986.18|2975.00|40|0.2|0.4
351|1236.00|1854.00|17056.80|36550.29|24123.19|2983.50|40|0.2|0.4
352|1243.04|1864.56|17153.95|36758.47|24260.59|2992.00|40|0.2|0.4
353|1250.10|1875.15|17251.38|36967.24|24398.38|3000.50|40|0.2|0.4
354|1257.18|1885.77|17349.08|37176.61|24536.56|3009.00|40|0.2|0.4
355|1264.28|1896.42|17447.06|37386.57|24675.13|3017.50|40|0.2|0.4
356|1271.40|1907.10|17545.32|37597.11|24814.10|3026.00|40|0.2|0.4
357|1278.54|1917.81|17643.85|37808.25|24953.45|3034.50|40|0.2|0.4
358|1285.70|1928.55|17742.66|38019.99|25093.19|3043.00|40|0.2|0.4
359|1292.88|1939.32|17841.74|38232.31|25233.32|3051.50|40|0.2|0.4
360|1300.08|1950.12|17941.10|38445.22|25373.85|3060.00|40|0.2|0.4
361|1307.30|1960.95|18040.74|38658.73|25514.76|3068.50|40|0.2|0.4
362|1314.54|1971.81|18140.65|38872.83|25656.06|3077.00|40|0.2|0.4
363|1321.80|1982.70|18240.84|39087.51|25797.76|3085.50|40|0.2|0.4
364|1329.08|1993.62|18341.30|39302.79|25939.84|3094.00|40|0.2|0.4
365|1336.38|2004.57|18442.04|39518.67|26082.32|3102.50|40|0.2|0.4
366|1343.70|2015.55|18543.06|39735.13|26225.18|3111.00|40|0.2|0.4
367|1351.04|2026.56|18644.35|39952.18|26368.44|3119.50|40|0.2|0.4
368|1358.40|2037.60|18745.92|40169.83|26512.09|3128.00|40|0.2|0.4
369|1365.78|2048.67|18847.76|40388.07|26656.12|3136.50|40|0.2|0.4
370|1373.18|2059.77|18949.88|40606.89|26800.55|3145.00|40|0.2|0.4
371|1380.60|2070.90|19052.28|40826.31|26945.37|3153.50|40|0.2|0.4
372|1388.04|2082.06|19154.95|41046.33|27090.57|3162.00|40|0.2|0.4
373|1395.50|2093.25|19257.90|41266.93|27236.17|3170.50|40|0.2|0.4
374|1402.98|2104.47|19361.12|41488.12|27382.16|3179.00|40|0.2|0.4
375|1410.48|2115.72|19464.62|41709.91|27528.54|3187.50|40|0.2|0.4
376|1418.00|2127.00|19568.40|41932.29|27675.31|3196.00|40|0.2|0.4
377|1425.54|2138.31|19672.45|42155.25|27822.47|3204.50|40|0.2|0.4
378|1433.10|2149.65|19776.78|42378.81|27970.02|3213.00|40|0.2|0.4
379|1440.68|2161.02|19881.38|42602.97|28117.96|3221.50|40|0.2|0.4
380|1448.28|2172.42|19986.26|42827.71|28266.29|3230.00|40|0.2|0.4
381|1455.90|2183.85|20091.42|43053.04|28415.01|3238.50|40|0.2|0.4
382|1463.54|2195.31|20196.85|43278.97|28564.12|3247.00|40|0.2|0.4
383|1471.20|2206.80|20302.56|43505.49|28713.62|3255.50|40|0.2|0.4
384|1478.88|2218.32|20408.54|43732.59|28863.51|3264.00|40|0.2|0.4
385|1486.58|2229.87|20514.80|43960.29|29013.79|3272.50|40|0.2|0.4
386|1494.30|2241.45|20621.34|44188.59|29164.47|3281.00|40|0.2|0.4
387|1502.04|2253.06|20728.15|44417.47|29315.53|3289.50|40|0.2|0.4
388|1509.80|2264.70|20835.24|44646.94|29466.98|3298.00|40|0.2|0.4
389|1517.58|2276.37|20942.60|44877.01|29618.83|3306.50|40|0.2|0.4
390|1525.38|2288.07|21050.24|45107.67|29771.06|3315.00|40|0.2|0.4
391|1533.20|2299.80|21158.16|45338.91|29923.68|3323.50|40|0.2|0.4
392|1541.04|2311.56|21266.35|45570.75|30076.70|3332.00|40|0.2|0.4
393|1548.90|2323.35|21374.82|45803.19|30230.10|3340.50|40|0.2|0.4
394|1556.78|2335.17|21483.56|46036.21|30383.90|3349.00|40|0.2|0.4
395|1564.68|2347.02|21592.58|46269.82|30538.08|3357.50|40|0.2|0.4
396|1572.60|2358.90|21701.88|46504.03|30692.66|3366.00|40|0.2|0.4
397|1580.54|2370.81|21811.45|46738.83|30847.62|3374.50|40|0.2|0.4
398|1588.50|2382.75|21921.30|46974.21|31002.98|3383.00|40|0.2|0.4
399|1596.48|2394.72|22031.42|47210.19|31158.73|3391.50|40|0.2|0.4
400|1604.48|2406.72|22141.82|47446.77|31314.87|3400.00|40|0.2|0.4
401|1612.50|2418.75|22252.50|47683.93|31471.39|3408.50|40|0.2|0.4
402|1620.54|2430.81|22363.45|47921.68|31628.31|3417.00|40|0.2|0.4
403|1628.60|2442.90|22474.68|48160.03|31785.62|3425.50|50|0.2|0.4
404|1636.68|2455.02|22586.18|48398.97|31943.32|3434.00|50|0.2|0.4
405|1644.78|2467.17|22697.96|48638.49|32101.41|3442.50|50|0.2|0.4
406|1652.90|2479.35|22810.02|48878.61|32259.89|3451.00|50|0.2|0.4
407|1661.04|2491.56|22922.35|49119.33|32418.75|3459.50|50|0.2|0.4
408|1669.20|2503.80|23034.96|49360.63|32578.01|3468.00|50|0.2|0.4
409|1677.38|2516.07|23147.84|49602.52|32737.67|3476.50|50|0.2|0.4
410|1685.58|2528.37|23261.00|49845.01|32897.71|3485.00|50|0.2|0.4
411|1693.80|2540.70|23374.44|50088.09|33058.14|3493.50|50|0.2|0.4
412|1702.04|2553.06|23488.15|50331.75|33218.96|3502.00|50|0.2|0.4
413|1710.30|2565.45|23602.14|50576.01|33380.17|3510.50|50|0.2|0.4
414|1718.58|2577.87|23716.40|50820.87|33541.77|3519.00|50|0.2|0.4
415|1726.88|2590.32|23830.94|51066.31|33703.76|3527.50|50|0.2|0.4
416|1735.20|2602.80|23945.76|51312.34|33866.15|3536.00|50|0.2|0.4
417|1743.54|2615.31|24060.85|51558.97|34028.92|3544.50|50|0.2|0.4
418|1751.90|2627.85|24176.22|51806.19|34192.08|3553.00|50|0.2|0.4
419|1760.28|2640.42|24291.86|52053.99|34355.64|3561.50|50|0.2|0.4
420|1768.68|2653.02|24407.78|52302.39|34519.58|3570.00|50|0.2|0.4
421|1777.10|2665.65|24523.98|52551.39|34683.91|3578.50|50|0.2|0.4
422|1785.54|2678.31|24640.45|52800.97|34848.64|3587.00|50|0.2|0.4
423|1794.00|2691.00|24757.20|53051.14|35013.75|3595.50|50|0.2|0.4
424|1802.48|2703.72|24874.22|53301.91|35179.26|3604.00|50|0.2|0.4
425|1810.98|2716.47|24991.52|53553.27|35345.16|3612.50|50|0.2|0.4
426|1819.50|2729.25|25109.10|53805.21|35511.44|3621.00|50|0.2|0.4
427|1828.04|2742.06|25226.95|54057.75|35678.12|3629.50|50|0.2|0.4
428|1836.60|2754.90|25345.08|54310.89|35845.18|3638.00|50|0.2|0.4
429|1845.18|2767.77|25463.48|54564.61|36012.64|3646.50|50|0.2|0.4
430|1853.78|2780.67|25582.16|54818.92|36180.49|3655.00|50|0.2|0.4
431|1862.40|2793.60|25701.12|55073.83|36348.73|3663.50|50|0.2|0.4
432|1871.04|2806.56|25820.35|55329.33|36517.35|3672.00|50|0.2|0.4
433|1879.70|2819.55|25939.86|55585.41|36686.37|3680.50|50|0.2|0.4
434|1888.38|2832.57|26059.64|55842.09|36855.78|3689.00|50|0.2|0.4
435|1897.08|2845.62|26179.70|56099.37|37025.58|3697.50|50|0.2|0.4
436|1905.80|2858.70|26300.04|56357.23|37195.77|3706.00|50|0.2|0.4
437|1914.54|2871.81|26420.65|56615.68|37366.35|3714.50|50|0.2|0.4
438|1923.30|2884.95|26541.54|56874.73|37537.32|3723.00|50|0.2|0.4
439|1932.08|2898.12|26662.70|57134.37|37708.68|3731.50|50|0.2|0.4
440|1940.88|2911.32|26784.14|57394.59|37880.43|3740.00|50|0.2|0.4
441|1949.70|2924.55|26905.86|57655.41|38052.57|3748.50|50|0.2|0.4
442|1958.54|2937.81|27027.85|57916.83|38225.10|3757.00|50|0.2|0.4
443|1967.40|2951.10|27150.12|58178.83|38398.03|3765.50|50|0.2|0.4
444|1976.28|2964.42|27272.66|58441.42|38571.34|3774.00|50|0.2|0.4
445|1985.18|2977.77|27395.48|58704.61|38745.04|3782.50|50|0.2|0.4
446|1994.10|2991.15|27518.58|58968.39|38919.13|3791.00|50|0.2|0.4
447|2003.04|3004.56|27641.95|59232.75|39093.62|3799.50|50|0.2|0.4
448|2012.00|3018.00|27765.60|59497.71|39268.49|3808.00|50|0.2|0.4
449|2020.98|3031.47|27889.52|59763.27|39443.76|3816.50|50|0.2|0.4
450|2029.98|3044.97|28013.72|60029.41|39619.41|3825.00|50|0.2|0.4
451|2039.00|3058.50|28138.20|60296.14|39795.45|3833.50|50|0.2|0.4
452|2048.04|3072.06|28262.95|60563.47|39971.89|3842.00|50|0.2|0.4
453|2057.10|3085.65|28387.98|60831.39|40148.71|3850.50|50|0.2|0.4
454|2066.18|3099.27|28513.28|61099.89|40325.93|3859.00|50|0.2|0.4
455|2075.28|3112.92|28638.86|61368.99|40503.54|3867.50|50|0.2|0.4
456|2084.40|3126.60|28764.72|61638.69|40681.53|3876.00|50|0.2|0.4
457|2093.54|3140.31|28890.85|61908.97|40859.92|3884.50|50|0.2|0.4
458|2102.70|3154.05|29017.26|62179.84|41038.70|3893.00|50|0.2|0.4
459|2111.88|3167.82|29143.94|62451.31|41217.86|3901.50|50|0.2|0.4
460|2121.08|3181.62|29270.90|62723.37|41397.42|3910.00|50|0.2|0.4
461|2130.30|3195.45|29398.14|62996.01|41577.37|3918.50|50|0.2|0.4
462|2139.54|3209.31|29525.65|63269.25|41757.71|3927.00|50|0.2|0.4
463|2148.80|3223.20|29653.44|63543.09|41938.44|3935.50|50|0.2|0.4
464|2158.08|3237.12|29781.50|63817.51|42119.56|3944.00|50|0.2|0.4
465|2167.38|3251.07|29909.84|64092.52|42301.07|3952.50|50|0.2|0.4
466|2176.70|3265.05|30038.46|64368.13|42482.96|3961.00|50|0.2|0.4
467|2186.04|3279.06|30167.35|64644.33|42665.25|3969.50|50|0.2|0.4
468|2195.40|3293.10|30296.52|64921.11|42847.94|3978.00|50|0.2|0.4
469|2204.78|3307.17|30425.96|65198.49|43031.01|3986.50|50|0.2|0.4
470|2214.18|3321.27|30555.68|65476.47|43214.47|3995.00|50|0.2|0.4
471|2223.60|3335.40|30685.68|65755.03|43398.32|4003.50|50|0.2|0.4
472|2233.04|3349.56|30815.95|66034.18|43582.56|4012.00|50|0.2|0.4
473|2242.50|3363.75|30946.50|66313.93|43767.19|4020.50|50|0.2|0.4
474|2251.98|3377.97|31077.32|66594.27|43952.22|4029.00|50|0.2|0.4
475|2261.48|3392.22|31208.42|66875.19|44137.63|4037.50|50|0.2|0.4
476|2271.00|3406.50|31339.80|67156.71|44323.43|4046.00|50|0.2|0.4
477|2280.54|3420.81|31471.45|67438.83|44509.62|4054.50|50|0.2|0.4
478|2290.10|3435.15|31603.38|67721.53|44696.21|4063.00|50|0.2|0.4
479|2299.68|3449.52|31735.58|68004.82|44883.18|4071.50|50|0.2|0.4
480|2309.28|3463.92|31868.06|68288.71|45070.55|4080.00|50|0.4|0.4
481|2318.90|3478.35|32000.82|68573.19|45258.30|4088.50|50|0.4|0.4
482|2328.54|3492.81|32133.85|68858.25|45446.45|4097.00|50|0.4|0.4
483|2338.20|3507.30|32267.16|69143.91|45634.98|4105.50|50|0.4|0.4
484|2347.88|3521.82|32400.74|69430.17|45823.91|4114.00|50|0.4|0.4
485|2357.58|3536.37|32534.60|69717.01|46013.23|4122.50|50|0.4|0.4
486|2367.30|3550.95|32668.74|70004.44|46202.93|4131.00|50|0.4|0.4
487|2377.04|3565.56|32803.15|70292.47|46393.03|4139.50|50|0.4|0.4
488|2386.80|3580.20|32937.84|70581.09|46583.52|4148.00|50|0.4|0.4
489|2396.58|3594.87|33072.80|70870.29|46774.39|4156.50|50|0.4|0.4
490|2406.38|3609.57|33208.04|71160.09|46965.66|4165.00|50|0.4|0.4
491|2416.20|3624.30|33343.56|71450.49|47157.32|4173.50|50|0.4|0.4
492|2426.04|3639.06|33479.35|71741.47|47349.37|4182.00|50|0.4|0.4
493|2435.90|3653.85|33615.42|72033.04|47541.81|4190.50|50|0.4|0.4
494|2445.78|3668.67|33751.76|72325.21|47734.64|4199.00|50|0.4|0.4
495|2455.68|3683.52|33888.38|72617.97|47927.86|4207.50|50|0.4|0.4
496|2465.60|3698.40|34025.28|72911.31|48121.47|4216.00|50|0.4|0.4
497|2475.54|3713.31|34162.45|73205.25|48315.47|4224.50|50|0.4|0.4
498|2485.50|3728.25|34299.90|73499.79|48509.86|4233.00|50|0.4|0.4
499|2495.48|3743.22|34437.62|73794.91|48704.64|4241.50|50|0.4|0.4
500|2505.48|3758.22|34575.62|74090.62|48899.81|4250.00|50|0.4|0.4
501|2515.50|3773.25|34713.90|74386.93|49095.37|2505|50|0.4|0.4
502|2525.54|3788.31|34852.45|74683.83|49291.32|2510|50|0.4|0.4
503|2535.60|3803.40|34991.28|74981.31|49487.67|2515|60|0.4|0.4
504|2545.68|3818.52|35130.38|75279.39|49684.40|2520|60|0.4|0.4
505|2555.78|3833.67|35269.76|75578.07|49881.52|2525|60|0.4|0.4
506|2565.90|3848.85|35409.42|75877.33|50079.04|2530|60|0.4|0.4
507|2576.04|3864.06|35549.35|76177.18|50276.94|2535|60|0.4|0.4
508|2586.20|3879.30|35689.56|76477.63|50475.23|2540|60|0.4|0.4
509|2596.38|3894.57|35830.04|76778.67|50673.92|2545|60|0.4|0.4
510|2606.58|3909.87|35970.80|77080.29|50872.99|2550|60|0.4|0.4
511|2616.80|3925.20|36111.84|77382.51|51072.46|2555|60|0.4|0.4
512|2627.04|3940.56|36253.15|77685.33|51272.31|2560|60|0.4|0.4
513|2637.30|3955.95|36394.74|77988.73|51472.56|2565|60|0.4|0.4
514|2647.58|3971.37|36536.60|78292.72|51673.20|2570|60|0.4|0.4
515|2657.88|3986.82|36678.74|78597.31|51874.22|2575|60|0.4|0.4
516|2668.20|4002.30|36821.16|78902.49|52075.64|2580|60|0.4|0.4
517|2678.54|4017.81|36963.85|79208.25|52277.45|2585|60|0.4|0.4
518|2688.90|4033.35|37106.82|79514.61|52479.65|2590|60|0.4|0.4
519|2699.28|4048.92|37250.06|79821.57|52682.23|2595|60|0.4|0.4
520|2709.68|4064.52|37393.58|80129.11|52885.21|2600|60|0.4|0.4
521|2720.10|4080.15|37537.38|80437.24|53088.58|2605|60|0.4|0.4
522|2730.54|4095.81|37681.45|80745.97|53292.34|2610|60|0.4|0.4
523|2741.00|4111.50|37825.80|81055.29|53496.49|2615|60|0.4|0.4
524|2751.48|4127.22|37970.42|81365.19|53701.03|2620|60|0.4|0.4
525|2761.98|4142.97|38115.32|81675.69|53905.96|2625|60|0.4|0.4
526|2772.50|4158.75|38260.50|81986.79|54111.28|2630|60|0.4|0.4
527|2783.04|4174.56|38405.95|82298.47|54316.99|2635|60|0.4|0.4
528|2793.60|4190.40|38551.68|82610.74|54523.09|2640|60|0.4|0.4
529|2804.18|4206.27|38697.68|82923.61|54729.58|2645|60|0.4|0.4
530|2814.78|4222.17|38843.96|83237.07|54936.46|2650|60|0.4|0.4
531|2825.40|4238.10|38990.52|83551.11|55143.74|2655|60|0.4|0.4
532|2836.04|4254.06|39137.35|83865.75|55351.40|2660|60|0.4|0.4
533|2846.70|4270.05|39284.46|84180.99|55559.45|2665|60|0.4|0.4
534|2857.38|4286.07|39431.84|84496.81|55767.89|2670|60|0.4|0.4
535|2868.08|4302.12|39579.50|84813.22|55976.73|2675|60|0.4|0.4
536|2878.80|4318.20|39727.44|85130.23|56185.95|2680|60|0.4|0.4
537|2889.54|4334.31|39875.65|85447.83|56395.56|2685|60|0.4|0.4
538|2900.30|4350.45|40024.14|85766.01|56605.57|2690|60|0.4|0.4
539|2911.08|4366.62|40172.90|86084.79|56815.96|2695|60|0.4|0.4
540|2921.88|4382.82|40321.94|86404.17|57026.75|2700|60|0.4|0.4
541|2932.70|4399.05|40471.26|86724.13|57237.92|2705|60|0.4|0.4
542|2943.54|4415.31|40620.85|87044.68|57449.49|2710|60|0.4|0.4
543|2954.40|4431.60|40770.72|87365.83|57661.45|2715|60|0.4|0.4
544|2965.28|4447.92|40920.86|87687.57|57873.79|2720|60|0.4|0.4
545|2976.18|4464.27|41071.28|88009.89|58086.53|2725|60|0.4|0.4
546|2987.10|4480.65|41221.98|88332.81|58299.66|2730|60|0.4|0.4
547|2998.04|4497.06|41372.95|88656.33|58513.17|2735|60|0.4|0.4
548|3009.00|4513.50|41524.20|88980.43|58727.08|2740|60|0.4|0.4
549|3019.98|4529.97|41675.72|89305.12|58941.38|2745|60|0.4|0.4
550|3030.98|4546.47|41827.52|89630.41|59156.07|2750|60|0.4|0.4
551|3042.00|4563.00|41979.60|89956.29|59371.15|2755|60|0.4|0.4
552|3053.04|4579.56|42131.95|90282.75|59586.62|2760|60|0.4|0.4
553|3064.10|4596.15|42284.58|90609.81|59802.48|2765|60|0.4|0.4
554|3075.18|4612.77|42437.48|90937.47|60018.73|2770|60|0.4|0.4
555|3086.28|4629.42|42590.66|91265.71|60235.37|2775|60|0.4|0.4
556|3097.40|4646.10|42744.12|91594.54|60452.40|2780|60|0.4|0.4
557|3108.54|4662.81|42897.85|91923.97|60669.82|2785|60|0.4|0.4
558|3119.70|4679.55|43051.86|92253.99|60887.63|2790|60|0.4|0.4
559|3130.88|4696.32|43206.14|92584.59|61105.83|2795|60|0.4|0.4
560|3142.08|4713.12|43360.70|92915.79|61324.42|2800|60|0.4|0.4
561|3153.30|4729.95|43515.54|93247.59|61543.41|2805|60|0.4|0.4
562|3164.54|4746.81|43670.65|93579.97|61762.78|2810|60|0.4|0.4
563|3175.80|4763.70|43826.04|93912.94|61982.54|2815|60|0.4|0.4
564|3187.08|4780.62|43981.70|94246.51|62202.70|2820|60|0.4|0.4
565|3198.38|4797.57|44137.64|94580.67|62423.24|2825|60|0.4|0.4
566|3209.70|4814.55|44293.86|94915.41|62644.17|2830|60|0.4|0.4
567|3221.04|4831.56|44450.35|95250.75|62865.50|2835|60|0.4|0.4
568|3232.40|4848.60|44607.12|95586.69|63087.21|2840|60|0.4|0.4
569|3243.78|4865.67|44764.16|95923.21|63309.32|2845|60|0.4|0.4
570|3255.18|4882.77|44921.48|96260.32|63531.81|2850|60|0.4|0.4
571|3266.60|4899.90|45079.08|96598.03|63754.70|2855|60|0.4|0.4
572|3278.04|4917.06|45236.95|96936.33|63977.97|2860|60|0.4|0.4
573|3289.50|4934.25|45395.10|97275.21|64201.64|2865|60|0.4|0.4
574|3300.98|4951.47|45553.52|97614.69|64425.70|2870|60|0.4|0.4
575|3312.48|4968.72|45712.22|97954.77|64650.15|2875|60|0.4|0.4
576|3324.00|4986.00|45871.20|98295.43|64874.98|2880|60|0.4|0.4
577|3335.54|5003.31|46030.45|98636.68|65100.21|2885|60|0.4|0.4
578|3347.10|5020.65|46189.98|98978.53|65325.83|2890|60|0.4|0.4
579|3358.68|5038.02|46349.78|99320.97|65551.84|2895|60|0.4|0.4
580|3370.28|5055.42|46509.86|99663.99|65778.24|2900|60|0.4|0.4
581|3381.90|5072.85|46670.22|100007.61|66005.03|2905|60|0.4|0.4
582|3393.54|5090.31|46830.85|100351.83|66232.20|2910|60|0.4|0.4
583|3405.20|5107.80|46991.76|100696.63|66459.77|2915|60|0.4|0.4
584|3416.88|5125.32|47152.94|101042.02|66687.74|2920|60|0.4|0.4
585|3428.58|5142.87|47314.40|101388.01|66916.09|2925|60|0.4|0.4
586|3440.30|5160.45|47476.14|101734.59|67144.83|2930|60|0.4|0.4
587|3452.04|5178.06|47638.15|102081.75|67373.96|2935|60|0.4|0.4
588|3463.80|5195.70|47800.44|102429.51|67603.48|2940|60|0.4|0.4
589|3475.58|5213.37|47963.00|102777.87|67833.39|2945|60|0.4|0.4
590|3487.38|5231.07|48125.84|103126.81|68063.69|2950|60|0.4|0.4
591|3499.20|5248.80|48288.96|103476.34|68294.39|2955|60|0.4|0.4
592|3511.04|5266.56|48452.35|103826.47|68525.47|2960|60|0.4|0.4
593|3522.90|5284.35|48616.02|104177.19|68756.94|2965|60|0.4|0.4
594|3534.78|5302.17|48779.96|104528.49|68988.81|2970|60|0.4|0.4
595|3546.68|5320.02|48944.18|104880.39|69221.06|2975|60|0.4|0.4
596|3558.60|5337.90|49108.68|105232.89|69453.70|2980|60|0.4|0.4
597|3570.54|5355.81|49273.45|105585.97|69686.74|2985|60|0.4|0.4
598|3582.50|5373.75|49438.50|105939.64|69920.16|2990|60|0.4|0.4
599|3594.48|5391.72|49603.82|106293.91|70153.98|2995|60|0.4|0.4
600|3606.48|5409.72|49769.42|106648.77|70388.19|3000|60|0.4|0.4
601|3618.50|5427.75|49935.30|107004.21|70622.78|3005|60|0.4|0.6
602|3630.54|5445.81|50101.45|107360.25|70857.77|3010|60|0.4|0.6
603|3642.60|5463.90|50267.88|107716.89|71093.14|3015|70|0.4|0.6
604|3654.68|5482.02|50434.58|108074.11|71328.91|3020|70|0.4|0.6
605|3666.78|5500.17|50601.56|108431.92|71565.07|3025|70|0.4|0.6
606|3678.90|5518.35|50768.82|108790.33|71801.62|3030|70|0.4|0.6
607|3691.04|5536.56|50936.35|109149.33|72038.55|3035|70|0.4|0.6
608|3703.20|5554.80|51104.16|109508.91|72275.88|3040|70|0.4|0.6
609|3715.38|5573.07|51272.24|109869.09|72513.60|3045|70|0.4|0.6
610|3727.58|5591.37|51440.60|110229.87|72751.71|3050|70|0.4|0.6
611|3739.80|5609.70|51609.24|110591.23|72990.21|3055|70|0.4|0.6
612|3752.04|5628.06|51778.15|110953.18|73229.10|3060|70|0.4|0.6
613|3764.30|5646.45|51947.34|111315.73|73468.38|3065|70|0.4|0.6
614|3776.58|5664.87|52116.80|111678.87|73708.05|3070|70|0.4|0.6
615|3788.88|5683.32|52286.54|112042.59|73948.11|3075|70|0.4|0.6
616|3801.20|5701.80|52456.56|112406.91|74188.56|3080|70|0.4|0.6
617|3813.54|5720.31|52626.85|112771.83|74429.40|3085|70|0.4|0.6
618|3825.90|5738.85|52797.42|113137.33|74670.64|3090|70|0.4|0.6
619|3838.28|5757.42|52968.26|113503.42|74912.26|3095|70|0.4|0.6
620|3850.68|5776.02|53139.38|113870.11|75154.27|3100|70|0.4|0.6
621|3863.10|5794.65|53310.78|114237.39|75396.67|3105|70|0.4|0.6
622|3875.54|5813.31|53482.45|114605.25|75639.47|3110|70|0.4|0.6
623|3888.00|5832.00|53654.40|114973.71|75882.65|3115|70|0.4|0.6
624|3900.48|5850.72|53826.62|115342.77|76126.23|3120|70|0.4|0.6
625|3912.98|5869.47|53999.12|115712.41|76370.19|3125|70|0.4|0.6
626|3925.50|5888.25|54171.90|116082.64|76614.54|3130|70|0.4|0.6
627|3938.04|5907.06|54344.95|116453.47|76859.29|3135|70|0.4|0.6
628|3950.60|5925.90|54518.28|116824.89|77104.42|3140|70|0.4|0.6
629|3963.18|5944.77|54691.88|117196.89|77349.95|3145|70|0.4|0.6
630|3975.78|5963.67|54865.76|117569.49|77595.87|3150|70|0.4|0.6
631|3988.40|5982.60|55039.92|117942.69|77842.17|3155|70|0.4|0.6
632|4001.04|6001.56|55214.35|118316.47|78088.87|3160|70|0.4|0.6
633|4013.70|6020.55|55389.06|118690.84|78335.96|3165|70|0.4|0.6
634|4026.38|6039.57|55564.04|119065.81|78583.43|3170|70|0.4|0.6
635|4039.08|6058.62|55739.30|119441.37|78831.30|3175|70|0.4|0.6
636|4051.80|6077.70|55914.84|119817.51|79079.56|3180|70|0.4|0.6
637|4064.54|6096.81|56090.65|120194.25|79328.21|3185|70|0.4|0.6
638|4077.30|6115.95|56266.74|120571.59|79577.25|3190|70|0.4|0.6
639|4090.08|6135.12|56443.10|120949.51|79826.68|3195|70|0.4|0.6
640|4102.88|6154.32|56619.74|121328.02|80076.50|3200|70|0.4|0.6
641|4115.70|6173.55|56796.66|121707.13|80326.70|3205|70|0.4|0.6
642|4128.54|6192.81|56973.85|122086.83|80577.30|3210|70|0.4|0.6
643|4141.40|6212.10|57151.32|122467.11|80828.30|3215|70|0.4|0.6
644|4154.28|6231.42|57329.06|122847.99|81079.68|3220|70|0.4|0.6
645|4167.18|6250.77|57507.08|123229.47|81331.45|3225|70|0.4|0.6
646|4180.10|6270.15|57685.38|123611.53|81583.61|3230|70|0.4|0.6
647|4193.04|6289.56|57863.95|123994.18|81836.16|3235|70|0.4|0.6
648|4206.00|6309.00|58042.80|124377.43|82089.10|3240|70|0.4|0.6
649|4218.98|6328.47|58221.92|124761.27|82342.44|3245|70|0.4|0.6
650|4231.98|6347.97|58401.32|125145.69|82596.16|3250|70|0.4|0.6
651|4245.00|6367.50|58581.00|125530.71|82850.27|3255|70|0.4|0.6
652|4258.04|6387.06|58760.95|125916.33|83104.77|3260|70|0.4|0.6
653|4271.10|6406.65|58941.18|126302.53|83359.67|3265|70|0.4|0.6
654|4284.18|6426.27|59121.68|126689.32|83614.95|3270|70|0.4|0.6
655|4297.28|6445.92|59302.46|127076.71|83870.63|3275|70|0.4|0.6
656|4310.40|6465.60|59483.52|127464.69|84126.69|3280|70|0.4|0.6
657|4323.54|6485.31|59664.85|127853.25|84383.15|3285|70|0.4|0.6
658|4336.70|6505.05|59846.46|128242.41|84639.99|3290|70|0.4|0.6
659|4349.88|6524.82|60028.34|128632.17|84897.23|3295|70|0.4|0.6
660|4363.08|6544.62|60210.50|129022.51|85154.86|3300|70|0.4|0.6
661|4376.30|6564.45|60392.94|129413.44|85412.87|3305|70|0.4|0.6
662|4389.54|6584.31|60575.65|129804.97|85671.28|3310|70|0.4|0.6
663|4402.80|6604.20|60758.64|130197.09|85930.08|3315|70|0.4|0.6
664|4416.08|6624.12|60941.90|130589.79|86189.26|3320|70|0.4|0.6
665|4429.38|6644.07|61125.44|130983.09|86448.84|3325|70|0.4|0.6
666|4442.70|6664.05|61309.26|131376.99|86708.81|3330|70|0.4|0.6
667|4456.04|6684.06|61493.35|131771.47|86969.17|3335|70|0.4|0.6
668|4469.40|6704.10|61677.72|132166.54|87229.92|3340|70|0.4|0.6
669|4482.78|6724.17|61862.36|132562.21|87491.06|3345|70|0.4|0.6
670|4496.18|6744.27|62047.28|132958.47|87752.59|3350|70|0.4|0.6
671|4509.60|6764.40|62232.48|133355.31|88014.51|3355|70|0.4|0.6
672|4523.04|6784.56|62417.95|133752.75|88276.82|3360|70|0.4|0.6
673|4536.50|6804.75|62603.70|134150.79|88539.52|3365|70|0.4|0.6
674|4549.98|6824.97|62789.72|134549.41|88802.61|3370|70|0.4|0.6
675|4563.48|6845.22|62976.02|134948.62|89066.09|3375|70|0.4|0.6
676|4577.00|6865.50|63162.60|135348.43|89329.96|3380|70|0.4|0.6
677|4590.54|6885.81|63349.45|135748.83|89594.22|3385|70|0.4|0.6
678|4604.10|6906.15|63536.58|136149.81|89858.88|3390|70|0.4|0.6
679|4617.68|6926.52|63723.98|136551.39|90123.92|3395|70|0.4|0.6
680|4631.28|6946.92|63911.66|136953.57|90389.35|3400|70|0.4|0.6
681|4644.90|6967.35|64099.62|137356.33|90655.18|3405|70|0.4|0.6
682|4658.54|6987.81|64287.85|137759.68|90921.39|3410|70|0.4|0.6
683|4672.20|7008.30|64476.36|138163.63|91187.99|3415|70|0.4|0.6
684|4685.88|7028.82|64665.14|138568.17|91454.99|3420|70|0.4|0.6
685|4699.58|7049.37|64854.20|138973.29|91722.37|3425|70|0.4|0.6
686|4713.30|7069.95|65043.54|139379.01|91990.15|3430|70|0.4|0.6
687|4727.04|7090.56|65233.15|139785.33|92258.31|3435|70|0.4|0.6
688|4740.80|7111.20|65423.04|140192.23|92526.87|3440|70|0.4|0.6
689|4754.58|7131.87|65613.20|140599.72|92795.82|3445|70|0.4|0.6
690|4768.38|7152.57|65803.64|141007.81|93065.15|3450|70|0.4|0.6
691|4782.20|7173.30|65994.36|141416.49|93334.88|3455|70|0.4|0.6
692|4796.04|7194.06|66185.35|141825.75|93605.00|3460|70|0.4|0.6
693|4809.90|7214.85|66376.62|142235.61|93875.51|3465|70|0.4|0.6
694|4823.78|7235.67|66568.16|142646.07|94146.40|3470|70|0.4|0.6
695|4837.68|7256.52|66759.98|143057.11|94417.69|3475|70|0.4|0.6
696|4851.60|7277.40|66952.08|143468.74|94689.37|3480|70|0.4|0.6
697|4865.54|7298.31|67144.45|143880.97|94961.44|3485|70|0.4|0.6
698|4879.50|7319.25|67337.10|144293.79|95233.90|3490|70|0.4|0.6
699|4893.48|7340.22|67530.02|144707.19|95506.75|3495|70|0.4|0.6
700|4907.48|7361.22|67723.22|145121.19|95779.99|3500|70|0.4|0.6
701|4921.50|7382.25|67916.70|145535.79|96053.62|3505|70|0.4|0.6
702|4935.54|7403.31|68110.45|145950.97|96327.64|3510|70|0.4|0.6
703|4949.60|7424.40|68304.48|146366.74|96602.05|3515|80|0.4|0.6
704|4963.68|7445.52|68498.78|146783.11|96876.85|3520|80|0.4|0.6
705|4977.78|7466.67|68693.36|147200.07|97152.04|3525|80|0.4|0.6
706|4991.90|7487.85|68888.22|147617.61|97427.63|3530|80|0.4|0.6
707|5006.04|7509.06|69083.35|148035.75|97703.60|3535|80|0.4|0.6
708|5020.20|7530.30|69278.76|148454.49|97979.96|3540|80|0.4|0.6
709|5034.38|7551.57|69474.44|148873.81|98256.71|3545|80|0.4|0.6
710|5048.58|7572.87|69670.40|149293.72|98533.86|3550|80|0.4|0.6
711|5062.80|7594.20|69866.64|149714.23|98811.39|3555|80|0.4|0.6
712|5077.04|7615.56|70063.15|150135.33|99089.31|3560|80|0.4|0.6
713|5091.30|7636.95|70259.94|150557.01|99367.63|3565|80|0.4|0.6
714|5105.58|7658.37|70457.00|150979.29|99646.33|3570|80|0.4|0.6
715|5119.88|7679.82|70654.34|151402.17|99925.43|3575|80|0.4|0.6
716|5134.20|7701.30|70851.96|151825.63|100204.91|3580|80|0.4|0.6
717|5148.54|7722.81|71049.85|152249.68|100484.79|3585|80|0.4|0.6
718|5162.90|7744.35|71248.02|152674.33|100765.06|3590|80|0.4|0.6
719|5177.28|7765.92|71446.46|153099.57|101045.71|3595|80|0.4|0.6
720|5191.68|7787.52|71645.18|153525.39|101326.76|3600|80|0.4|0.6
721|5206.10|7809.15|71844.18|153951.81|101608.20|3605|80|0.4|0.6
722|5220.54|7830.81|72043.45|154378.83|101890.02|3610|80|0.4|0.6
723|5235.00|7852.50|72243.00|154806.43|102172.24|3615|80|0.4|0.6
724|5249.48|7874.22|72442.82|155234.62|102454.85|3620|80|0.4|0.6
725|5263.98|7895.97|72642.92|155663.41|102737.85|3625|80|0.4|0.6
726|5278.50|7917.75|72843.30|156092.79|103021.24|3630|80|0.4|0.6
727|5293.04|7939.56|73043.95|156522.75|103305.02|3635|80|0.4|0.6
728|5307.60|7961.40|73244.88|156953.31|103589.19|3640|80|0.4|0.6
729|5322.18|7983.27|73446.08|157384.47|103873.75|3645|80|0.4|0.6
730|5336.78|8005.17|73647.56|157816.21|104158.70|3650|80|0.4|0.6
731|5351.40|8027.10|73849.32|158248.54|104444.04|3655|80|0.4|0.6
732|5366.04|8049.06|74051.35|158681.47|104729.77|3660|80|0.4|0.6
733|5380.70|8071.05|74253.66|159114.99|105015.89|3665|80|0.4|0.6
734|5395.38|8093.07|74456.24|159549.09|105302.40|3670|80|0.4|0.6
735|5410.08|8115.12|74659.10|159983.79|105589.30|3675|80|0.4|0.6
736|5424.80|8137.20|74862.24|160419.09|105876.60|3680|80|0.4|0.6
737|5439.54|8159.31|75065.65|160854.97|106164.28|3685|80|0.4|0.6
738|5454.30|8181.45|75269.34|161291.44|106452.35|3690|80|0.4|0.6
739|5469.08|8203.62|75473.30|161728.51|106740.82|3695|80|0.4|0.6
740|5483.88|8225.82|75677.54|162166.17|107029.67|3700|80|0.4|0.6
741|5498.70|8248.05|75882.06|162604.41|107318.91|3705|80|0.4|0.6
742|5513.54|8270.31|76086.85|163043.25|107608.55|3710|80|0.4|0.6
743|5528.40|8292.60|76291.92|163482.69|107898.57|3715|80|0.4|0.6
744|5543.28|8314.92|76497.26|163922.71|108188.99|3720|80|0.4|0.6
745|5558.18|8337.27|76702.88|164363.32|108479.79|3725|80|0.4|0.6
746|5573.10|8359.65|76908.78|164804.53|108770.99|3730|80|0.4|0.6
747|5588.04|8382.06|77114.95|165246.33|109062.57|3735|80|0.4|0.6
748|5603.00|8404.50|77321.40|165688.71|109354.55|3740|80|0.4|0.6
749|5617.98|8426.97|77528.12|166131.69|109646.92|3745|80|0.4|0.6
750|5632.98|8449.47|77735.12|166575.27|109939.68|3750|80|0.4|0.6
751|5648.00|8472.00|77942.40|167019.43|110232.82|3755|80|0.4|0.6
752|5663.04|8494.56|78149.95|167464.18|110526.36|3760|80|0.4|0.6
753|5678.10|8517.15|78357.78|167909.53|110820.29|3765|80|0.4|0.6
754|5693.18|8539.77|78565.88|168355.47|111114.61|3770|80|0.4|0.6
755|5708.28|8562.42|78774.26|168801.99|111409.32|3775|80|0.4|0.6
756|5723.40|8585.10|78982.92|169249.11|111704.42|3780|80|0.4|0.6
757|5738.54|8607.81|79191.85|169696.83|111999.90|3785|80|0.4|0.6
758|5753.70|8630.55|79401.06|170145.13|112295.78|3790|80|0.4|0.6
759|5768.88|8653.32|79610.54|170594.02|112592.06|3795|80|0.4|0.6
760|5784.08|8676.12|79820.30|171043.51|112888.72|3800|80|0.4|0.6
761|5799.30|8698.95|80030.34|171493.59|113185.77|3805|80|0.4|0.6
762|5814.54|8721.81|80240.65|171944.25|113483.21|3810|80|0.4|0.6
763|5829.80|8744.70|80451.24|172395.51|113781.04|3815|80|0.4|0.6
764|5845.08|8767.62|80662.10|172847.37|114079.26|3820|80|0.4|0.6
765|5860.38|8790.57|80873.24|173299.81|114377.87|3825|80|0.4|0.6
766|5875.70|8813.55|81084.66|173752.84|114676.88|3830|80|0.4|0.6
767|5891.04|8836.56|81296.35|174206.47|114976.27|3835|80|0.4|0.6
768|5906.40|8859.60|81508.32|174660.69|115276.05|3840|80|0.4|0.6
769|5921.78|8882.67|81720.56|175115.49|115576.23|3845|80|0.4|0.6
770|5937.18|8905.77|81933.08|175570.89|115876.79|3850|80|0.4|0.6
771|5952.60|8928.90|82145.88|176026.89|116177.74|3855|80|0.4|0.6
772|5968.04|8952.06|82358.95|176483.47|116479.09|3860|80|0.4|0.6
773|5983.50|8975.25|82572.30|176940.64|116780.82|3865|80|0.4|0.6
774|5998.98|8998.47|82785.92|177398.41|117082.95|3870|80|0.4|0.6
775|6014.48|9021.72|82999.82|177856.77|117385.47|3875|80|0.4|0.6
776|6030.00|9045.00|83214.00|178315.71|117688.37|3880|80|0.4|0.6
777|6045.54|9068.31|83428.45|178775.25|117991.67|3885|80|0.4|0.6
778|6061.10|9091.65|83643.18|179235.39|118295.35|3890|80|0.4|0.6
779|6076.68|9115.02|83858.18|179696.11|118599.43|3895|80|0.4|0.6
780|6092.28|9138.42|84073.46|180157.42|118903.90|3900|80|0.6|0.6
781|6107.90|9161.85|84289.02|180619.33|119208.76|3905|80|0.6|0.6
782|6123.54|9185.31|84504.85|181081.83|119514.00|3910|80|0.6|0.6
783|6139.20|9208.80|84720.96|181544.91|119819.64|3915|80|0.6|0.6
784|6154.88|9232.32|84937.34|182008.59|120125.67|3920|80|0.6|0.6
785|6170.58|9255.87|85154.00|182472.87|120432.09|3925|80|0.6|0.6
786|6186.30|9279.45|85370.94|182937.73|120738.90|3930|80|0.6|0.6
787|6202.04|9303.06|85588.15|183403.18|121046.10|3935|80|0.6|0.6
788|6217.80|9326.70|85805.64|183869.23|121353.69|3940|80|0.6|0.6
789|6233.58|9350.37|86023.40|184335.87|121661.67|3945|80|0.6|0.6
790|6249.38|9374.07|86241.44|184803.09|121970.04|3950|80|0.6|0.6
791|6265.20|9397.80|86459.76|185270.91|122278.80|3955|80|0.6|0.6
792|6281.04|9421.56|86678.35|185739.33|122587.95|3960|80|0.6|0.6
793|6296.90|9445.35|86897.22|186208.33|122897.50|3965|80|0.6|0.6
794|6312.78|9469.17|87116.36|186677.92|123207.43|3970|80|0.6|0.6
795|6328.68|9493.02|87335.78|187148.11|123517.75|3975|80|0.6|0.6
796|6344.60|9516.90|87555.48|187618.89|123828.46|3980|80|0.6|0.6
797|6360.54|9540.81|87775.45|188090.25|124139.57|3985|80|0.6|0.6
798|6376.50|9564.75|87995.70|188562.21|124451.06|3990|80|0.6|0.6
799|6392.48|9588.72|88216.22|189034.77|124762.95|3995|80|0.6|0.6
800|6408.48|9612.72|88437.02|189507.91|125075.22|4000|80|0.6|0.6
801|6424.50|9636.75|88658.10|189981.64|125387.88|4005|80|0.6|0.6
802|6440.54|9660.81|88879.45|190455.97|125700.94|4010|80|0.6|0.6
803|6456.60|9684.90|89101.08|190930.89|126014.38|4015|90|0.6|0.6
804|6472.68|9709.02|89322.98|191406.39|126328.22|4020|90|0.6|0.6
805|6488.78|9733.17|89545.16|191882.49|126642.45|4025|90|0.6|0.6
806|6504.90|9757.35|89767.62|192359.19|126957.06|4030|90|0.6|0.6
807|6521.04|9781.56|89990.35|192836.47|127272.07|4035|90|0.6|0.6
808|6537.20|9805.80|90213.36|193314.34|127587.47|4040|90|0.6|0.6
809|6553.38|9830.07|90436.64|193792.81|127903.25|4045|90|0.6|0.6
810|6569.58|9854.37|90660.20|194271.87|128219.43|4050|90|0.6|0.6
811|6585.80|9878.70|90884.04|194751.51|128536.00|4055|90|0.6|0.6
812|6602.04|9903.06|91108.15|195231.75|128852.96|4060|90|0.6|0.6
813|6618.30|9927.45|91332.54|195712.59|129170.31|4065|90|0.6|0.6
814|6634.58|9951.87|91557.20|196194.01|129488.05|4070|90|0.6|0.6
815|6650.88|9976.32|91782.14|196676.02|129806.18|4075|90|0.6|0.6
816|6667.20|10000.80|92007.36|197158.63|130124.69|4080|90|0.6|0.6
817|6683.54|10025.31|92232.85|197641.83|130443.60|4085|90|0.6|0.6
818|6699.90|10049.85|92458.62|198125.61|130762.91|4090|90|0.6|0.6
819|6716.28|10074.42|92684.66|198609.99|131082.60|4095|90|0.6|0.6
820|6732.68|10099.02|92910.98|199094.97|131402.68|4100|90|0.6|0.6
821|6749.10|10123.65|93137.58|199580.53|131723.15|4105|90|0.6|0.6
822|6765.54|10148.31|93364.45|200066.68|132044.01|4110|90|0.6|0.6
823|6782.00|10173.00|93591.60|200553.43|132365.26|4115|90|0.6|0.6
824|6798.48|10197.72|93819.02|201040.77|132686.91|4120|90|0.6|0.6
825|6814.98|10222.47|94046.72|201528.69|133008.94|4125|90|0.6|0.6
826|6831.50|10247.25|94274.70|202017.21|133331.36|4130|90|0.6|0.6
827|6848.04|10272.06|94502.95|202506.33|133654.17|4135|90|0.6|0.6
828|6864.60|10296.90|94731.48|202996.03|133977.38|4140|90|0.6|0.6
829|6881.18|10321.77|94960.28|203486.32|134300.97|4145|90|0.6|0.6
830|6897.78|10346.67|95189.36|203977.21|134624.96|4150|90|0.6|0.6
831|6914.40|10371.60|95418.72|204468.69|134949.33|4155|90|0.6|0.6
832|6931.04|10396.56|95648.35|204960.75|135274.10|4160|90|0.6|0.6
833|6947.70|10421.55|95878.26|205453.41|135599.25|4165|90|0.6|0.6
834|6964.38|10446.57|96108.44|205946.67|135924.80|4170|90|0.6|0.6
835|6981.08|10471.62|96338.90|206440.51|136250.74|4175|90|0.6|0.6
836|6997.80|10496.70|96569.64|206934.94|136577.06|4180|90|0.6|0.6
837|7014.54|10521.81|96800.65|207429.97|136903.78|4185|90|0.6|0.6
838|7031.30|10546.95|97031.94|207925.59|137230.89|4190|90|0.6|0.6
839|7048.08|10572.12|97263.50|208421.79|137558.38|4195|90|0.6|0.6
840|7064.88|10597.32|97495.34|208918.59|137886.27|4200|90|0.6|0.6
841|7081.70|10622.55|97727.46|209415.99|138214.55|4205|90|0.6|0.6
842|7098.54|10647.81|97959.85|209913.97|138543.22|4210|90|0.6|0.6
843|7115.40|10673.10|98192.52|210412.54|138872.28|4215|90|0.6|0.6
844|7132.28|10698.42|98425.46|210911.71|139201.73|4220|90|0.6|0.6
845|7149.18|10723.77|98658.68|211411.47|139531.57|4225|90|0.6|0.6
846|7166.10|10749.15|98892.18|211911.81|139861.80|4230|90|0.6|0.6
847|7183.04|10774.56|99125.95|212412.75|140192.42|4235|90|0.6|0.6
848|7200.00|10800.00|99360.00|212914.29|140523.43|4240|90|0.6|0.6
849|7216.98|10825.47|99594.32|213416.41|140854.83|4245|90|0.6|0.6
850|7233.98|10850.97|99828.92|213919.12|141186.62|4250|90|0.6|0.6
851|7251.00|10876.50|100063.80|214422.43|141518.80|4255|90|0.6|0.6
852|7268.04|10902.06|100298.95|214926.33|141851.37|4260|90|0.6|0.6
853|7285.10|10927.65|100534.38|215430.81|142184.34|4265|90|0.6|0.6
854|7302.18|10953.27|100770.08|215935.89|142517.69|4270|90|0.6|0.6
855|7319.28|10978.92|101006.06|216441.57|142851.43|4275|90|0.6|0.6
856|7336.40|11004.60|101242.32|216947.83|143185.57|4280|90|0.6|0.6
857|7353.54|11030.31|101478.85|217454.68|143520.09|4285|90|0.6|0.6
858|7370.70|11056.05|101715.66|217962.13|143855.00|4290|90|0.6|0.6
859|7387.88|11081.82|101952.74|218470.17|144190.31|4295|90|0.6|0.6
860|7405.08|11107.62|102190.10|218978.79|144526.00|4300|90|0.6|0.6
861|7422.30|11133.45|102427.74|219488.01|144862.09|4305|90|0.6|0.6
862|7439.54|11159.31|102665.65|219997.83|145198.56|4310|90|0.6|0.6
863|7456.80|11185.20|102903.84|220508.23|145535.43|4315|90|0.6|0.6
864|7474.08|11211.12|103142.30|221019.22|145872.69|4320|90|0.6|0.6
865|7491.38|11237.07|103381.04|221530.81|146210.33|4325|90|0.6|0.6
866|7508.70|11263.05|103620.06|222042.99|146548.37|4330|90|0.6|0.6
867|7526.04|11289.06|103859.35|222555.75|146886.80|4335|90|0.6|0.6
868|7543.40|11315.10|104098.92|223069.11|147225.62|4340|90|0.6|0.6
869|7560.78|11341.17|104338.76|223583.07|147564.82|4345|90|0.6|0.6
870|7578.18|11367.27|104578.88|224097.61|147904.42|4350|90|0.6|0.6
871|7595.60|11393.40|104819.28|224612.74|148244.41|4355|90|0.6|0.6
872|7613.04|11419.56|105059.95|225128.47|148584.79|4360|90|0.6|0.6
873|7630.50|11445.75|105300.90|225644.79|148925.56|4365|90|0.6|0.6
874|7647.98|11471.97|105542.12|226161.69|149266.72|4370|90|0.6|0.6
875|7665.48|11498.22|105783.62|226679.19|149608.27|4375|90|0.6|0.6
876|7683.00|11524.50|106025.40|227197.29|149950.21|4380|90|0.6|0.6
877|7700.54|11550.81|106267.45|227715.97|150292.54|4385|90|0.6|0.6
878|7718.10|11577.15|106509.78|228235.24|150635.26|4390|90|0.6|0.6
879|7735.68|11603.52|106752.38|228755.11|150978.37|4395|90|0.6|0.6
880|7753.28|11629.92|106995.26|229275.57|151321.87|4400|90|0.6|0.6
881|7770.90|11656.35|107238.42|229796.61|151665.77|4405|90|0.6|0.6
882|7788.54|11682.81|107481.85|230318.25|152010.05|4410|90|0.6|0.6
883|7806.20|11709.30|107725.56|230840.49|152354.72|4415|90|0.6|0.6
884|7823.88|11735.82|107969.54|231363.31|152699.78|4420|90|0.6|0.6
885|7841.58|11762.37|108213.80|231886.72|153045.24|4425|90|0.6|0.6
886|7859.30|11788.95|108458.34|232410.73|153391.08|4430|90|0.6|0.6
887|7877.04|11815.56|108703.15|232935.33|153737.31|4435|90|0.6|0.6
888|7894.80|11842.20|108948.24|233460.51|154083.94|4440|90|0.6|0.6
889|7912.58|11868.87|109193.60|233986.29|154430.95|4445|90|0.6|0.6
890|7930.38|11895.57|109439.24|234512.67|154778.36|4450|90|0.6|0.6
891|7948.20|11922.30|109685.16|235039.63|155126.15|4455|90|0.6|0.6
892|7966.04|11949.06|109931.35|235567.18|155474.34|4460|90|0.6|0.6
893|7983.90|11975.85|110177.82|236095.33|155822.92|4465|90|0.6|0.6
894|8001.78|12002.67|110424.56|236624.07|156171.88|4470|90|0.6|0.6
895|8019.68|12029.52|110671.58|237153.39|156521.24|4475|90|0.6|0.6
896|8037.60|12056.40|110918.88|237683.31|156870.99|4480|90|0.6|0.6
897|8055.54|12083.31|111166.45|238213.83|157221.12|4485|90|0.6|0.6
898|8073.50|12110.25|111414.30|238744.93|157571.65|4490|90|0.6|0.6
899|8091.48|12137.22|111662.42|239276.62|157922.57|4495|90|0.6|0.6
900|8109.48|12164.22|111910.82|239808.91|158273.88|4500|90|0.6|0.6
901|8127.50|12191.25|112159.50|240341.79|158625.58|4505|90|0.6|0.8
902|8145.54|12218.31|112408.45|240875.25|158977.67|4510|90|0.6|0.8
903|8163.60|12245.40|112657.68|241409.31|159330.15|4515|100|0.6|0.8
904|8181.68|12272.52|112907.18|241943.97|159683.02|4520|100|0.6|0.8
905|8199.78|12299.67|113156.96|242479.21|160036.28|4525|100|0.6|0.8
906|8217.90|12326.85|113407.02|243015.04|160389.93|4530|100|0.6|0.8
907|8236.04|12354.06|113657.35|243551.47|160743.97|4535|100|0.6|0.8
908|8254.20|12381.30|113907.96|244088.49|161098.40|4540|100|0.6|0.8
909|8272.38|12408.57|114158.84|244626.09|161453.22|4545|100|0.6|0.8
910|8290.58|12435.87|114410.00|245164.29|161808.43|4550|100|0.6|0.8
911|8308.80|12463.20|114661.44|245703.09|162164.04|4555|100|0.6|0.8
912|8327.04|12490.56|114913.15|246242.47|162520.03|4560|100|0.6|0.8
913|8345.30|12517.95|115165.14|246782.44|162876.41|4565|100|0.6|0.8
914|8363.58|12545.37|115417.40|247323.01|163233.19|4570|100|0.6|0.8
915|8381.88|12572.82|115669.94|247864.17|163590.35|4575|100|0.6|0.8
916|8400.20|12600.30|115922.76|248405.91|163947.90|4580|100|0.6|0.8
917|8418.54|12627.81|116175.85|248948.25|164305.85|4585|100|0.6|0.8
918|8436.90|12655.35|116429.22|249491.19|164664.18|4590|100|0.6|0.8
919|8455.28|12682.92|116682.86|250034.71|165022.91|4595|100|0.6|0.8
920|8473.68|12710.52|116936.78|250578.82|165382.02|4600|100|0.6|0.8
921|8492.10|12738.15|117190.98|251123.53|165741.53|4605|100|0.6|0.8
922|8510.54|12765.81|117445.45|251668.83|166101.42|4610|100|0.6|0.8
923|8529.00|12793.50|117700.20|252214.71|166461.71|4615|100|0.6|0.8
924|8547.48|12821.22|117955.22|252761.19|166822.39|4620|100|0.6|0.8
925|8565.98|12848.97|118210.52|253308.27|167183.46|4625|100|0.6|0.8
926|8584.50|12876.75|118466.10|253855.93|167544.91|4630|100|0.6|0.8
927|8603.04|12904.56|118721.95|254404.18|167906.76|4635|100|0.6|0.8
928|8621.60|12932.40|118978.08|254953.03|168269.00|4640|100|0.6|0.8
929|8640.18|12960.27|119234.48|255502.47|168631.63|4645|100|0.6|0.8
930|8658.78|12988.17|119491.16|256052.49|168994.65|4650|100|0.6|0.8
931|8677.40|13016.10|119748.12|256603.11|169358.06|4655|100|0.6|0.8
932|8696.04|13044.06|120005.35|257154.33|169721.85|4660|100|0.6|0.8
933|8714.70|13072.05|120262.86|257706.13|170086.04|4665|100|0.6|0.8
934|8733.38|13100.07|120520.64|258258.52|170450.63|4670|100|0.6|0.8
935|8752.08|13128.12|120778.70|258811.51|170815.60|4675|100|0.6|0.8
936|8770.80|13156.20|121037.04|259365.09|171180.96|4680|100|0.6|0.8
937|8789.54|13184.31|121295.65|259919.25|171546.71|4685|100|0.6|0.8
938|8808.30|13212.45|121554.54|260474.01|171912.85|4690|100|0.6|0.8
939|8827.08|13240.62|121813.70|261029.37|172279.38|4695|100|0.6|0.8
940|8845.88|13268.82|122073.14|261585.31|172646.30|4700|100|0.6|0.8
941|8864.70|13297.05|122332.86|262141.84|173013.62|4705|100|0.6|0.8
942|8883.54|13325.31|122592.85|262698.97|173381.32|4710|100|0.6|0.8
943|8902.40|13353.60|122853.12|263256.69|173749.41|4715|100|0.6|0.8
944|8921.28|13381.92|123113.66|263814.99|174117.90|4720|100|0.6|0.8
945|8940.18|13410.27|123374.48|264373.89|174486.77|4725|100|0.6|0.8
946|8959.10|13438.65|123635.58|264933.39|174856.03|4730|100|0.6|0.8
947|8978.04|13467.06|123896.95|265493.47|175225.69|4735|100|0.6|0.8
948|8997.00|13495.50|124158.60|266054.14|175595.73|4740|100|0.6|0.8
949|9015.98|13523.97|124420.52|266615.41|175966.17|4745|100|0.6|0.8
950|9034.98|13552.47|124682.72|267177.27|176337.00|4750|100|0.6|0.8
951|9054.00|13581.00|124945.20|267739.71|176708.21|4755|100|0.6|0.8
952|9073.04|13609.56|125207.95|268302.75|177079.82|4760|100|0.6|0.8
953|9092.10|13638.15|125470.98|268866.39|177451.81|4765|100|0.6|0.8
954|9111.18|13666.77|125734.28|269430.61|177824.20|4770|100|0.6|0.8
955|9130.28|13695.42|125997.86|269995.42|178196.98|4775|100|0.6|0.8
956|9149.40|13724.10|126261.72|270560.83|178570.15|4780|100|0.6|0.8
957|9168.54|13752.81|126525.85|271126.83|178943.70|4785|100|0.6|0.8
958|9187.70|13781.55|126790.26|271693.41|179317.65|4790|100|0.6|0.8
959|9206.88|13810.32|127054.94|272260.59|179691.99|4795|100|0.6|0.8
960|9226.08|13839.12|127319.90|272828.37|180066.72|4800|100|0.6|0.8
961|9245.30|13867.95|127585.14|273396.73|180441.84|4805|100|0.6|0.8
962|9264.54|13896.81|127850.65|273965.68|180817.35|4810|100|0.6|0.8
963|9283.80|13925.70|128116.44|274535.23|181193.25|4815|100|0.6|0.8
964|9303.08|13954.62|128382.50|275105.37|181569.54|4820|100|0.6|0.8
965|9322.38|13983.57|128648.84|275676.09|181946.22|4825|100|0.6|0.8
966|9341.70|14012.55|128915.46|276247.41|182323.29|4830|100|0.6|0.8
967|9361.04|14041.56|129182.35|276819.33|182700.75|4835|100|0.6|0.8
968|9380.40|14070.60|129449.52|277391.83|183078.61|4840|100|0.6|0.8
969|9399.78|14099.67|129716.96|277964.92|183456.85|4845|100|0.6|0.8
970|9419.18|14128.77|129984.68|278538.61|183835.48|4850|100|0.6|0.8
971|9438.60|14157.90|130252.68|279112.89|184214.50|4855|100|0.6|0.8
972|9458.04|14187.06|130520.95|279687.75|184593.92|4860|100|0.6|0.8
973|9477.50|14216.25|130789.50|280263.21|184973.72|4865|100|0.6|0.8
974|9496.98|14245.47|131058.32|280839.27|185353.92|4870|100|0.6|0.8
975|9516.48|14274.72|131327.42|281415.91|185734.50|4875|100|0.6|0.8
976|9536.00|14304.00|131596.80|281993.14|186115.47|4880|100|0.6|0.8
977|9555.54|14333.31|131866.45|282570.97|186496.84|4885|100|0.6|0.8
978|9575.10|14362.65|132136.38|283149.39|186878.59|4890|100|0.6|0.8
979|9594.68|14392.02|132406.58|283728.39|187260.74|4895|100|0.6|0.8
980|9614.28|14421.42|132677.06|284307.99|187643.28|4900|100|0.6|0.8
981|9633.90|14450.85|132947.82|284888.19|188026.20|4905|100|0.6|0.8
982|9653.54|14480.31|133218.85|285468.97|188409.52|4910|100|0.6|0.8
983|9673.20|14509.80|133490.16|286050.34|188793.23|4915|100|0.6|0.8
984|9692.88|14539.32|133761.74|286632.31|189177.32|4920|100|0.6|0.8
985|9712.58|14568.87|134033.60|287214.87|189561.81|4925|100|0.6|0.8
986|9732.30|14598.45|134305.74|287798.01|189946.69|4930|100|0.6|0.8
987|9752.04|14628.06|134578.15|288381.75|190331.96|4935|100|0.6|0.8
988|9771.80|14657.70|134850.84|288966.09|190717.62|4940|100|0.6|0.8
989|9791.58|14687.37|135123.80|289551.01|191103.67|4945|100|0.6|0.8
990|9811.38|14717.07|135397.04|290136.52|191490.11|4950|100|0.6|0.8
991|9831.20|14746.80|135670.56|290722.63|191876.93|4955|100|0.6|0.8
992|9851.04|14776.56|135944.35|291309.33|192264.15|4960|100|0.6|0.8
993|9870.90|14806.35|136218.42|291896.61|192651.77|4965|100|0.6|0.8
994|9890.78|14836.17|136492.76|292484.49|193039.77|4970|100|0.6|0.8
995|9910.68|14866.02|136767.38|293072.97|193428.16|4975|100|0.6|0.8
996|9930.60|14895.90|137042.28|293662.03|193816.94|4980|100|0.6|0.8
997|9950.54|14925.81|137317.45|294251.68|194206.11|4985|100|0.6|0.8
998|9970.50|14955.75|137592.90|294841.93|194595.67|4990|100|0.6|0.8
999|9990.48|14985.72|137868.62|295432.77|194985.63|4995|100|0.6|0.8
1000|10010.48|15015.72|138144.62|296024.19|195375.97|5000|100|0.6|0.8
1001|10030.50|15045.75|138420.90|296616.21|195766.70|5005|100|0.6|0.8
1002|10050.54|15075.81|138697.45|297208.83|196157.82|5010|100|0.6|0.8
1003|10070.60|15105.90|138974.28|297802.03|196549.34|5015|110|0.6|0.8
1004|10090.68|15136.02|139251.38|298395.82|196941.24|5020|110|0.6|0.8
1005|10110.78|15166.17|139528.76|298990.21|197333.54|5025|110|0.6|0.8
1006|10130.90|15196.35|139806.42|299585.19|197726.22|5030|110|0.6|0.8
1007|10151.04|15226.56|140084.35|300180.75|198119.30|5035|110|0.6|0.8
1008|10171.20|15256.80|140362.56|300776.91|198512.76|5040|110|0.6|0.8
1009|10191.38|15287.07|140641.04|301373.67|198906.62|5045|110|0.6|0.8
1010|10211.58|15317.37|140919.80|301971.01|199300.87|5050|110|0.6|0.8
1011|10231.80|15347.70|141198.84|302568.94|199695.50|5055|110|0.6|0.8
1012|10252.04|15378.06|141478.15|303167.47|200090.53|5060|110|0.6|0.8
1013|10272.30|15408.45|141757.74|303766.59|200485.95|5065|110|0.6|0.8
1014|10292.58|15438.87|142037.60|304366.29|200881.75|5070|110|0.6|0.8
1015|10312.88|15469.32|142317.74|304966.59|201277.95|5075|110|0.6|0.8
1016|10333.20|15499.80|142598.16|305567.49|201674.54|5080|110|0.6|0.8
1017|10353.54|15530.31|142878.85|306168.97|202071.52|5085|110|0.6|0.8
1018|10373.90|15560.85|143159.82|306771.04|202468.89|5090|110|0.6|0.8
1019|10394.28|15591.42|143441.06|307373.71|202866.65|5095|110|0.6|0.8
1020|10414.68|15622.02|143722.58|307976.97|203264.80|5100|110|0.6|0.8
1021|10435.10|15652.65|144004.38|308580.81|203663.34|5105|110|0.6|0.8
1022|10455.54|15683.31|144286.45|309185.25|204062.27|5110|110|0.6|0.8
1023|10476.00|15714.00|144568.80|309790.29|204461.59|5115|110|0.6|0.8
1024|10496.48|15744.72|144851.42|310395.91|204861.30|5120|110|0.6|0.8
1025|10516.98|15775.47|145134.32|311002.12|205261.40|5125|110|0.6|0.8
1026|10537.50|15806.25|145417.50|311608.93|205661.89|5130|110|0.6|0.8
1027|10558.04|15837.06|145700.95|312216.33|206062.77|5135|110|0.6|0.8
1028|10578.60|15867.90|145984.68|312824.31|206464.05|5140|110|0.6|0.8
1029|10599.18|15898.77|146268.68|313432.89|206865.71|5145|110|0.6|0.8
1030|10619.78|15929.67|146552.96|314042.07|207267.76|5150|110|0.6|0.8
1031|10640.40|15960.60|146837.52|314651.83|207670.21|5155|110|0.6|0.8
1032|10661.04|15991.56|147122.35|315262.18|208073.04|5160|110|0.6|0.8
1033|10681.70|16022.55|147407.46|315873.13|208476.26|5165|110|0.6|0.8
1034|10702.38|16053.57|147692.84|316484.67|208879.88|5170|110|0.6|0.8
1035|10723.08|16084.62|147978.50|317096.79|209283.88|5175|110|0.6|0.8
1036|10743.80|16115.70|148264.44|317709.51|209688.28|5180|110|0.6|0.8
1037|10764.54|16146.81|148550.65|318322.83|210093.06|5185|110|0.6|0.8
1038|10785.30|16177.95|148837.14|318936.73|210498.24|5190|110|0.6|0.8
1039|10806.08|16209.12|149123.90|319551.22|210903.81|5195|110|0.6|0.8
1040|10826.88|16240.32|149410.94|320166.31|211309.76|5200|110|0.6|0.8
1041|10847.70|16271.55|149698.26|320781.99|211716.11|5205|110|0.6|0.8
1042|10868.54|16302.81|149985.85|321398.25|212122.85|5210|110|0.6|0.8
1043|10889.40|16334.10|150273.72|322015.11|212529.98|5215|110|0.6|0.8
1044|10910.28|16365.42|150561.86|322632.57|212937.49|5220|110|0.6|0.8
1045|10931.18|16396.77|150850.28|323250.61|213345.40|5225|110|0.6|0.8
1046|10952.10|16428.15|151138.98|323869.24|213753.70|5230|110|0.6|0.8
1047|10973.04|16459.56|151427.95|324488.47|214162.39|5235|110|0.6|0.8
1048|10994.00|16491.00|151717.20|325108.29|214571.47|5240|110|0.6|0.8
1049|11014.98|16522.47|152006.72|325728.69|214980.94|5245|110|0.6|0.8
1050|11035.98|16553.97|152296.52|326349.69|215390.80|5250|110|0.6|0.8
1051|11057.00|16585.50|152586.60|326971.29|215801.05|5255|110|0.6|0.8
1052|11078.04|16617.06|152876.95|327593.47|216211.69|5260|110|0.6|0.8
1053|11099.10|16648.65|153167.58|328216.24|216622.72|5265|110|0.6|0.8
1054|11120.18|16680.27|153458.48|328839.61|217034.14|5270|110|0.6|0.8
1055|11141.28|16711.92|153749.66|329463.57|217445.95|5275|110|0.6|0.8
1056|11162.40|16743.60|154041.12|330088.11|217858.16|5280|110|0.6|0.8
1057|11183.54|16775.31|154332.85|330713.25|218270.75|5285|110|0.6|0.8
1058|11204.70|16807.05|154624.86|331338.99|218683.73|5290|110|0.6|0.8
1059|11225.88|16838.82|154917.14|331965.31|219097.10|5295|110|0.6|0.8
1060|11247.08|16870.62|155209.70|332592.22|219510.87|5300|110|0.6|0.8
1061|11268.30|16902.45|155502.54|333219.73|219925.02|5305|110|0.6|0.8
1062|11289.54|16934.31|155795.65|333847.83|220339.56|5310|110|0.6|0.8
1063|11310.80|16966.20|156089.04|334476.51|220754.50|5315|110|0.6|0.8
1064|11332.08|16998.12|156382.70|335105.79|221169.82|5320|110|0.6|0.8
1065|11353.38|17030.07|156676.64|335735.67|221585.54|5325|110|0.6|0.8
1066|11374.70|17062.05|156970.86|336366.13|222001.64|5330|110|0.6|0.8
1067|11396.04|17094.06|157265.35|336997.18|222418.14|5335|110|0.6|0.8
1068|11417.40|17126.10|157560.12|337628.83|222835.03|5340|110|0.6|0.8
1069|11438.78|17158.17|157855.16|338261.07|223252.30|5345|110|0.6|0.8
1070|11460.18|17190.27|158150.48|338893.89|223669.97|5350|110|0.6|0.8
1071|11481.60|17222.40|158446.08|339527.31|224088.03|5355|110|0.6|0.8
1072|11503.04|17254.56|158741.95|340161.33|224506.47|5360|110|0.6|0.8
1073|11524.50|17286.75|159038.10|340795.93|224925.31|5365|110|0.6|0.8
1074|11545.98|17318.97|159334.52|341431.12|225344.54|5370|110|0.6|0.8
1075|11567.48|17351.22|159631.22|342066.91|225764.16|5375|110|0.6|0.8
1076|11589.00|17383.50|159928.20|342703.29|226184.17|5380|110|0.6|0.8
1077|11610.54|17415.81|160225.45|343340.25|226604.57|5385|110|0.6|0.8
1078|11632.10|17448.15|160522.98|343977.81|227025.36|5390|110|0.6|0.8
1079|11653.68|17480.52|160820.78|344615.97|227446.54|5395|110|0.6|0.8
1080|11675.28|17512.92|161118.86|345254.71|227868.11|5400|110|0.8|0.8
1081|11696.90|17545.35|161417.22|345894.04|228290.07|5405|110|0.8|0.8
1082|11718.54|17577.81|161715.85|346533.97|228712.42|5410|110|0.8|0.8
1083|11740.20|17610.30|162014.76|347174.49|229135.16|5415|110|0.8|0.8
1084|11761.88|17642.82|162313.94|347815.59|229558.29|5420|110|0.8|0.8
1085|11783.58|17675.37|162613.40|348457.29|229981.81|5425|110|0.8|0.8
1086|11805.30|17707.95|162913.14|349099.59|230405.73|5430|110|0.8|0.8
1087|11827.04|17740.56|163213.15|349742.47|230830.03|5435|110|0.8|0.8
1088|11848.80|17773.20|163513.44|350385.94|231254.72|5440|110|0.8|0.8
1089|11870.58|17805.87|163814.00|351030.01|231679.81|5445|110|0.8|0.8
1090|11892.38|17838.57|164114.84|351674.67|232105.28|5450|110|0.8|0.8
1091|11914.20|17871.30|164415.96|352319.91|232531.14|5455|110|0.8|0.8
1092|11936.04|17904.06|164717.35|352965.75|232957.40|5460|110|0.8|0.8
1093|11957.90|17936.85|165019.02|353612.19|233384.04|5465|110|0.8|0.8
1094|11979.78|17969.67|165320.96|354259.21|233811.08|5470|110|0.8|0.8
1095|12001.68|18002.52|165623.18|354906.82|234238.50|5475|110|0.8|0.8
1096|12023.60|18035.40|165925.68|355555.03|234666.32|5480|110|0.8|0.8
1097|12045.54|18068.31|166228.45|356203.83|235094.52|5485|110|0.8|0.8
1098|12067.50|18101.25|166531.50|356853.21|235523.12|5490|110|0.8|0.8
1099|12089.48|18134.22|166834.82|357503.19|235952.11|5495|110|0.8|0.8
1100|12111.48|18167.22|167138.42|358153.77|236381.49|5500|110|0.8|0.8
1101|12133.50|18200.25|167442.30|358804.93|236811.25|5505|110|0.8|0.8
1102|12155.54|18233.31|167746.45|359456.68|237241.41|5510|110|0.8|0.8
1103|12177.60|18266.40|168050.88|360109.03|237671.96|5515|120|0.8|0.8
1104|12199.68|18299.52|168355.58|360761.97|238102.90|5520|120|0.8|0.8
1105|12221.78|18332.67|168660.56|361415.49|238534.23|5525|120|0.8|0.8
1106|12243.90|18365.85|168965.82|362069.61|238965.95|5530|120|0.8|0.8
1107|12266.04|18399.06|169271.35|362724.33|239398.05|5535|120|0.8|0.8
1108|12288.20|18432.30|169577.16|363379.63|239830.55|5540|120|0.8|0.8
1109|12310.38|18465.57|169883.24|364035.52|240263.45|5545|120|0.8|0.8
1110|12332.58|18498.87|170189.60|364692.01|240696.73|5550|120|0.8|0.8
1111|12354.80|18532.20|170496.24|365349.09|241130.40|5555|120|0.8|0.8
1112|12377.04|18565.56|170803.15|366006.75|241564.46|5560|120|0.8|0.8
1113|12399.30|18598.95|171110.34|366665.01|241998.91|5565|120|0.8|0.8
1114|12421.58|18632.37|171417.80|367323.87|242433.75|5570|120|0.8|0.8
1115|12443.88|18665.82|171725.54|367983.31|242868.98|5575|120|0.8|0.8
1116|12466.20|18699.30|172033.56|368643.34|243304.61|5580|120|0.8|0.8
1117|12488.54|18732.81|172341.85|369303.97|243740.62|5585|120|0.8|0.8
1118|12510.90|18766.35|172650.42|369965.19|244177.02|5590|120|0.8|0.8
1119|12533.28|18799.92|172959.26|370626.99|244613.82|5595|120|0.8|0.8
1120|12555.68|18833.52|173268.38|371289.39|245051.00|5600|120|0.8|0.8
1121|12578.10|18867.15|173577.78|371952.39|245488.57|5605|120|0.8|0.8
1122|12600.54|18900.81|173887.45|372615.97|245926.54|5610|120|0.8|0.8
1123|12623.00|18934.50|174197.40|373280.14|246364.89|5615|120|0.8|0.8
1124|12645.48|18968.22|174507.62|373944.91|246803.64|5620|120|0.8|0.8
1125|12667.98|19001.97|174818.12|374610.27|247242.78|5625|120|0.8|0.8
1126|12690.50|19035.75|175128.90|375276.21|247682.30|5630|120|0.8|0.8
1127|12713.04|19069.56|175439.95|375942.75|248122.22|5635|120|0.8|0.8
1128|12735.60|19103.40|175751.28|376609.89|248562.52|5640|120|0.8|0.8
1129|12758.18|19137.27|176062.88|377277.61|249003.22|5645|120|0.8|0.8
1130|12780.78|19171.17|176374.76|377945.92|249444.31|5650|120|0.8|0.8
1131|12803.40|19205.10|176686.92|378614.83|249885.79|5655|120|0.8|0.8
1132|12826.04|19239.06|176999.35|379284.33|250327.65|5660|120|0.8|0.8
1133|12848.70|19273.05|177312.06|379954.41|250769.91|5665|120|0.8|0.8
1134|12871.38|19307.07|177625.04|380625.09|251212.56|5670|120|0.8|0.8
1135|12894.08|19341.12|177938.30|381296.37|251655.60|5675|120|0.8|0.8
1136|12916.80|19375.20|178251.84|381968.23|252099.03|5680|120|0.8|0.8
1137|12939.54|19409.31|178565.65|382640.68|252542.85|5685|120|0.8|0.8
1138|12962.30|19443.45|178879.74|383313.73|252987.06|5690|120|0.8|0.8
1139|12985.08|19477.62|179194.10|383987.37|253431.66|5695|120|0.8|0.8
1140|13007.88|19511.82|179508.74|384661.59|253876.65|5700|120|0.8|0.8
1141|13030.70|19546.05|179823.66|385336.41|254322.03|5705|120|0.8|0.8
1142|13053.54|19580.31|180138.85|386011.83|254767.80|5710|120|0.8|0.8
1143|13076.40|19614.60|180454.32|386687.83|255213.97|5715|120|0.8|0.8
1144|13099.28|19648.92|180770.06|387364.42|255660.52|5720|120|0.8|0.8
1145|13122.18|19683.27|181086.08|388041.61|256107.46|5725|120|0.8|0.8
1146|13145.10|19717.65|181402.38|388719.39|256554.79|5730|120|0.8|0.8
1147|13168.04|19752.06|181718.95|389397.75|257002.52|5735|120|0.8|0.8
1148|13191.00|19786.50|182035.80|390076.71|257450.63|5740|120|0.8|0.8
1149|13213.98|19820.97|182352.92|390756.27|257899.14|5745|120|0.8|0.8
1150|13236.98|19855.47|182670.32|391436.41|258348.03|5750|120|0.8|0.8
1151|13260.00|19890.00|182988.00|392117.14|258797.31|5755|120|0.8|0.8
1152|13283.04|19924.56|183305.95|392798.47|259246.99|5760|120|0.8|0.8
1153|13306.10|19959.15|183624.18|393480.39|259697.05|5765|120|0.8|0.8
1154|13329.18|19993.77|183942.68|394162.89|260147.51|5770|120|0.8|0.8
1155|13352.28|20028.42|184261.46|394845.99|260598.36|5775|120|0.8|0.8
1156|13375.40|20063.10|184580.52|395529.69|261049.59|5780|120|0.8|0.8
1157|13398.54|20097.81|184899.85|396213.97|261501.22|5785|120|0.8|0.8
1158|13421.70|20132.55|185219.46|396898.84|261953.24|5790|120|0.8|0.8
1159|13444.88|20167.32|185539.34|397584.31|262405.64|5795|120|0.8|0.8
1160|13468.08|20202.12|185859.50|398270.37|262858.44|5800|120|0.8|0.8
1161|13491.30|20236.95|186179.94|398957.01|263311.63|5805|120|0.8|0.8
1162|13514.54|20271.81|186500.65|399644.25|263765.21|5810|120|0.8|0.8
1163|13537.80|20306.70|186821.64|400332.09|264219.18|5815|120|0.8|0.8
1164|13561.08|20341.62|187142.90|401020.51|264673.54|5820|120|0.8|0.8
1165|13584.38|20376.57|187464.44|401709.52|265128.29|5825|120|0.8|0.8
1166|13607.70|20411.55|187786.26|402399.13|265583.42|5830|120|0.8|0.8
1167|13631.04|20446.56|188108.35|403089.33|266038.95|5835|120|0.8|0.8
1168|13654.40|20481.60|188430.72|403780.11|266494.88|5840|120|0.8|0.8
1169|13677.78|20516.67|188753.36|404471.49|266951.19|5845|120|0.8|0.8
1170|13701.18|20551.77|189076.28|405163.47|267407.89|5850|120|0.8|0.8
1171|13724.60|20586.90|189399.48|405856.03|267864.98|5855|120|0.8|0.8
1172|13748.04|20622.06|189722.95|406549.18|268322.46|5860|120|0.8|0.8
1173|13771.50|20657.25|190046.70|407242.93|268780.33|5865|120|0.8|0.8
1174|13794.98|20692.47|190370.72|407937.27|269238.60|5870|120|0.8|0.8
1175|13818.48|20727.72|190695.02|408632.19|269697.25|5875|120|0.8|0.8
1176|13842.00|20763.00|191019.60|409327.71|270156.29|5880|120|0.8|0.8
1177|13865.54|20798.31|191344.45|410023.83|270615.72|5885|120|0.8|0.8
1178|13889.10|20833.65|191669.58|410720.53|271075.55|5890|120|0.8|0.8
1179|13912.68|20869.02|191994.98|411417.82|271535.76|5895|120|0.8|0.8
1180|13936.28|20904.42|192320.66|412115.71|271996.37|5900|120|0.8|0.8
1181|13959.90|20939.85|192646.62|412814.19|272457.36|5905|120|0.8|0.8
1182|13983.54|20975.31|192972.85|413513.25|272918.75|5910|120|0.8|0.8
1183|14007.20|21010.80|193299.36|414212.91|273380.52|5915|120|0.8|0.8
1184|14030.88|21046.32|193626.14|414913.17|273842.69|5920|120|0.8|0.8
1185|14054.58|21081.87|193953.20|415614.01|274305.25|5925|120|0.8|0.8
1186|14078.30|21117.45|194280.54|416315.44|274768.19|5930|120|0.8|0.8
1187|14102.04|21153.06|194608.15|417017.47|275231.53|5935|120|0.8|0.8
1188|14125.80|21188.70|194936.04|417720.09|275695.26|5940|120|0.8|0.8
1189|14149.58|21224.37|195264.20|418423.29|276159.37|5945|120|0.8|0.8
1190|14173.38|21260.07|195592.64|419127.09|276623.88|5950|120|0.8|0.8
1191|14197.20|21295.80|195921.36|419831.49|277088.78|5955|120|0.8|0.8
1192|14221.04|21331.56|196250.35|420536.47|277554.07|5960|120|0.8|0.8
1193|14244.90|21367.35|196579.62|421242.04|278019.75|5965|120|0.8|0.8
1194|14268.78|21403.17|196909.16|421948.21|278485.82|5970|120|0.8|0.8
1195|14292.68|21439.02|197238.98|422654.97|278952.28|5975|120|0.8|0.8
1196|14316.60|21474.90|197569.08|423362.31|279419.13|5980|120|0.8|0.8
1197|14340.54|21510.81|197899.45|424070.25|279886.37|5985|120|0.8|0.8
1198|14364.50|21546.75|198230.10|424778.79|280354.00|5990|120|0.8|0.8
1199|14388.48|21582.72|198561.02|425487.91|280822.02|5995|120|0.8|0.8
1200|14412.48|21618.72|198892.22|426197.62|281290.43|6000|120|0.8|0.8